1.850617,2.850269
1.850612,2.850270
1.850682,2.850257
1.850464,2.850267
1.850684,2.850257
1.850627,2.850268
1.850632,2.850267
1.850496,2.850271
1.850632,2.850267
1.850617,2.850269
1.850616,2.850269
1.850632,2.850267
1.850684,2.850257
1.850694,2.850254
1.850682,2.850257
1.847380,2.841124
1.850617,2.850269
1.850617,2.850269
1.850490,2.850271
1.850618,2.850269
1.850617,2.850269
1.850496,2.850271
1.850669,2.850260
1.850617,2.850269
1.850615,2.850270
1.850617,2.850269
1.850617,2.850269
1.850617,2.850269
1.837613,2.700210
1.850669,2.850260
1.850617,2.850269
1.850695,2.850254
1.850632,2.850267
1.850616,2.850269
1.850631,2.850267
1.850493,2.850271
1.850626,2.850268
1.850617,2.850269
1.850493,2.850271
1.850625,2.850268
1.850666,2.850261
1.011602,1.360612
1.850617,2.850269
1.850617,2.850269
1.850720,2.850247
1.850490,2.850271
1.850669,2.850260
1.850439,2.850263
1.850617,2.850269
1.850668,2.850260
1.850643,2.850265
1.850617,2.850269
1.850617,2.850269
1.850797,2.850217
1.850493,2.850271
1.850626,2.850268
1.850643,2.850265
1.850627,2.850268
1.850626,2.850268
1.850632,2.850267
1.850625,2.850268
1.850490,2.850271
1.850617,2.850269
1.850625,2.850268
1.850614,2.850270
1.850626,2.850268
1.850695,2.850254
1.850684,2.850257
1.850496,2.850271
1.850617,2.850269
1.848856,2.847663
1.850506,2.850272
1.850627,2.850268
1.850691,2.850255
1.850657,2.850263
1.850490,2.850271
1.850273,2.850205
1.837510,2.697852
1.903046,0.818158
1.850617,2.850269
1.850626,2.850268
1.850612,2.850270
1.850058,2.850055
1.850695,2.850254
1.903097,0.815148
1.850685,2.850257
1.850627,2.850268
1.850617,2.850269
1.850616,2.850270
1.850616,2.850270
1.857248,2.809308
1.850695,2.850254
1.876879,2.246563
1.850696,2.850254
1.850491,2.850271
1.850695,2.850254
1.849671,2.849572
1.850675,2.850259
1.850668,2.850261
1.850633,2.850267
1.850617,2.850269
1.850617,2.850269
1.850626,2.850268
1.011603,1.360648
1.850643,2.850265
1.850616,2.850269
1.850617,2.850269
1.850617,2.850269
1.850617,2.850269
1.902893,0.827261
1.850617,2.850269
1.850301,2.850218
1.850671,2.850260
1.850626,2.850268
1.850682,2.850257
1.850617,2.850269
1.850668,2.850261
1.850625,2.850268
1.850617,2.850269
1.850617,2.850269
1.857248,2.809305
1.850617,2.850269
1.850668,2.850261
1.850616,2.850270
1.850676,2.850259
1.850695,2.850254
1.850632,2.850267
1.850617,2.850269
1.850467,2.850268
1.850617,2.850269
1.850643,2.850265
1.850617,2.850269
1.850612,2.850270
1.850695,2.850254
1.850695,2.850254
1.850479,2.850269
1.850617,2.850269
1.850617,2.850269
1.850715,2.850248
1.850616,2.850270
1.850490,2.850271
1.850617,2.850269
1.850626,2.850268
1.850695,2.850254
1.850656,2.850263
1.850668,2.850260
1.850684,2.850257
1.850695,2.850254
1.850632,2.850267
1.850659,2.850262
1.850617,2.850269
1.850464,2.850267
1.847214,2.840140
1.850617,2.850269
1.850614,2.850270
1.745801,-0.730634
1.850617,2.850269
1.850617,2.850269
1.850617,2.850269
1.850493,2.850271
1.850643,2.850265
1.850659,2.850262
1.850617,2.850269
1.850626,2.850268
1.850616,2.850269
1.850633,2.850267
1.850627,2.850268
1.850677,2.850259
1.850617,2.850269
1.850617,2.850269
1.850617,2.850269
1.850627,2.850268
1.903091,0.815499
1.850612,2.850270
1.850617,2.850269
1.850617,2.850269
1.850491,2.850271
1.850677,2.850259
1.850464,2.850267
1.850617,2.850269
1.850659,2.850262
1.850626,2.850268
1.850617,2.850269
1.850617,2.850269
1.850633,2.850267
1.857171,2.810242
1.850695,2.850254
1.850695,2.850254
1.850695,2.850254
1.745870,-0.731192
1.850493,2.850271
1.850617,2.850269
1.850687,2.850256
1.850614,2.850270
1.850632,2.850267
1.850617,2.850269
1.903055,0.817621
1.850617,2.850269
1.850464,2.850267
1.850626,2.850268
1.850627,2.850268
1.850617,2.850269
1.850617,2.850269
1.850684,2.850257
1.850695,2.850254
1.850633,2.850267
1.850464,2.850267
1.850617,2.850269
1.850695,2.850254
1.850616,2.850270
1.850682,2.850257
1.849798,2.849760
1.850669,2.850260
1.850617,2.850269
1.850695,2.850254
1.850627,2.850268
1.850490,2.850271
1.850490,2.850271
1.850676,2.850259
1.850617,2.850269
1.850668,2.850261
1.850614,2.850270
1.850470,2.850268
1.850613,2.850270
1.850617,2.850269
1.850627,2.850268
1.850617,2.850269
1.902893,0.827291
1.850626,2.850268
1.850695,2.850254
1.850491,2.850271
1.850617,2.850269
1.850627,2.850268
1.850617,2.850269
1.850616,2.850269
1.850496,2.850271
1.850690,2.850255
1.850631,2.850267
1.850633,2.850267
1.850617,2.850269
1.850695,2.850254
1.850505,2.850272
1.850658,2.850263
1.850083,2.850077
1.850491,2.850271
1.850617,2.850269
1.850465,2.850268
1.850684,2.850257
1.850617,2.850269
1.850687,2.850256
1.850695,2.850254
1.850659,2.850262
1.850617,2.850269
1.850695,2.850254
1.850617,2.850269
1.850617,2.850269
1.850464,2.850267
1.850616,2.850269
1.850720,2.850246
1.850695,2.850254
1.850612,2.850270
1.850479,2.850269
1.850632,2.850267
1.850617,2.850269
1.745760,-0.730294
1.850694,2.850254
1.850617,2.850269
1.850633,2.850267
1.850615,2.850270
1.640917,2.574569
1.850617,2.850269
1.850684,2.850257
1.850286,2.850211
1.850617,2.850269
1.850684,2.850257
1.850617,2.850269
1.850688,2.850256
1.850613,2.850270
1.850668,2.850260
1.850684,2.850257
1.850627,2.850268
1.850682,2.850257
0.172896,0.869935
1.850625,2.850268
1.850684,2.850257
1.850659,2.850262
1.850617,2.850269
1.850617,2.850269
1.850617,2.850269
1.850684,2.850257
1.850684,2.850257
1.850720,2.850247
1.850695,2.850254
1.850617,2.850269
1.850494,2.850271
1.850616,2.850269
1.850670,2.850260
1.850632,2.850267
1.850626,2.850268
1.850465,2.850267
