1.850547,2.850274
1.850547,2.850274
1.850547,2.850274
1.850547,2.850274
1.850509,2.850272
1.850547,2.850274
1.850546,2.850274
1.850540,2.850274
1.850509,2.850272
1.850547,2.850274
1.850547,2.850274
1.850547,2.850274
1.850547,2.850274
1.850547,2.850274
1.850509,2.850272
1.850547,2.850274
1.850547,2.850274
1.850544,2.850274
1.850547,2.850274
1.850547,2.850274
1.850547,2.850274
1.850547,2.850274
1.850547,2.850274
1.850540,2.850274
1.850547,2.850274
1.850547,2.850274
1.850547,2.850274
1.850547,2.850274
1.850547,2.850274
1.850547,2.850274
1.850547,2.850274
1.850547,2.850274
1.850545,2.850274
1.850547,2.850274
1.850547,2.850274
1.850547,2.850274
1.850547,2.850274
1.850457,2.850266
1.850547,2.850274
1.850547,2.850274
1.850547,2.850274
1.850547,2.850274
1.850547,2.850274
1.850547,2.850274
1.850547,2.850274
1.850547,2.850274
1.850547,2.850274
1.850547,2.850274
1.850547,2.850274
1.850547,2.850274
1.850547,2.850274
1.850547,2.850274
1.850547,2.850274
1.850560,2.850274
1.837440,2.696240
1.850547,2.850274
1.850547,2.850274
1.850508,2.850272
1.847270,2.840481
1.850547,2.850274
1.850547,2.850274
1.902976,0.822372
1.850509,2.850272
1.850547,2.850274
1.850547,2.850274
1.850752,2.850236
1.850547,2.850274
1.850547,2.850274
1.850547,2.850274
1.850547,2.850274
1.850547,2.850274
1.850547,2.850274
1.850547,2.850274
1.850547,2.850274
1.850547,2.850274
1.850547,2.850274
1.850547,2.850274
1.850547,2.850274
1.850547,2.850274
1.850445,2.850264
1.850547,2.850274
1.850547,2.850274
1.850547,2.850274
1.850547,2.850274
1.850547,2.850274
1.850547,2.850274
1.850547,2.850274
1.850547,2.850274
1.850547,2.850274
1.850547,2.850274
1.850547,2.850274
1.850509,2.850272
1.849728,2.849660
1.850547,2.850274
1.876762,2.251638
1.850547,2.850274
1.850521,2.850273
1.850547,2.850274
1.876761,2.251642
1.848908,2.847821
1.850547,2.850274
1.850547,2.850274
1.850547,2.850274
1.850547,2.850274
1.850547,2.850274
1.850547,2.850274
1.535974,-0.389260
0.173030,0.870316
1.850547,2.850274
1.850547,2.850274
0.172826,0.869737
1.850547,2.850274
1.850547,2.850274
1.850547,2.850274
1.876761,2.251642
1.850547,2.850274
1.850547,2.850274
1.850547,2.850274
1.850547,2.850274
1.850547,2.850274
1.850560,2.850274
1.850547,2.850274
1.850547,2.850274
1.850547,2.850274
1.850547,2.850274
1.850560,2.850274
1.850547,2.850274
1.850547,2.850274
1.850547,2.850274
1.857101,2.811086
1.850547,2.850274
1.850547,2.850274
1.850547,2.850274
1.850547,2.850274
1.745689,-0.729707
1.850547,2.850274
1.850547,2.850274
1.850547,2.850274
1.850547,2.850274
1.850547,2.850274
1.850547,2.850274
1.849728,2.849660
1.850547,2.850274
1.850547,2.850274
1.850611,2.850270
1.850445,2.850264
1.850547,2.850274
1.850547,2.850274
1.850137,2.850120
1.850546,2.850274
1.850547,2.850274
1.850547,2.850274
1.850547,2.850274
1.850509,2.850272
1.850547,2.850274
1.850547,2.850274
1.850547,2.850274
1.850547,2.850274
1.850547,2.850274
1.850547,2.850274
1.847270,2.840479
1.850547,2.850274
1.850547,2.850274
1.850547,2.850274
1.850547,2.850274
1.850544,2.850274
1.850547,2.850274
1.850547,2.850274
1.850509,2.850272
1.850543,2.850274
1.850546,2.850274
1.850547,2.850274
1.850545,2.850274
1.850547,2.850274
1.837440,2.696240
1.850560,2.850274
1.850547,2.850274
1.850547,2.850274
1.850547,2.850274
1.850547,2.850274
1.850547,2.850274
1.850509,2.850272
1.850547,2.850274
1.850547,2.850274
1.850547,2.850274
1.850543,2.850274
1.850547,2.850274
1.850547,2.850274
1.850547,2.850274
1.850547,2.850274
1.850547,2.850274
1.850547,2.850274
1.850547,2.850274
1.850547,2.850274
1.850547,2.850274
1.850547,2.850274
1.850547,2.850274
1.837439,2.696222
1.011686,1.363135
1.850598,2.850271
1.850547,2.850274
1.850547,2.850274
1.850547,2.850274
1.850547,2.850274
1.850560,2.850274
1.850547,2.850274
1.850547,2.850274
1.850546,2.850274
1.850547,2.850274
1.850547,2.850274
1.850547,2.850274
1.850547,2.850274
1.850547,2.850274
1.850547,2.850274
1.850547,2.850274
1.850547,2.850274
1.850547,2.850274
1.850545,2.850274
1.850547,2.850274
1.640831,2.573235
1.850547,2.850274
1.850547,2.850274
1.850547,2.850274
1.850547,2.850274
1.850547,2.850274
1.850547,2.850274
1.850547,2.850274
1.850547,2.850274
1.850547,2.850274
1.850540,2.850274
1.850547,2.850274
1.850547,2.850274
1.850547,2.850274
1.850547,2.850274
1.850547,2.850274
1.850547,2.850274
1.850547,2.850274
1.850547,2.850274
1.850547,2.850274
1.850547,2.850274
1.850509,2.850272
1.850547,2.850274
1.850547,2.850274
1.850547,2.850274
1.850547,2.850274
1.850545,2.850274
1.850547,2.850274
1.850547,2.850274
1.850544,2.850274
1.850547,2.850274
1.850509,2.850272
1.010867,1.338445
1.850547,2.850274
1.850547,2.850274
1.850547,2.850274
1.850547,2.850274
1.850560,2.850274
1.850547,2.850274
1.850137,2.850120
1.850547,2.850274
1.850547,2.850274
1.850547,2.850274
1.850546,2.850274
1.850547,2.850274
1.850598,2.850271
1.850547,2.850274
1.850547,2.850274
1.850547,2.850274
1.850547,2.850274
1.850547,2.850274
1.850547,2.850274
1.850547,2.850274
1.850547,2.850274
1.850547,2.850274
1.850547,2.850274
1.640832,2.573241
1.850547,2.850274
1.850547,2.850274
1.850547,2.850274
1.850544,2.850274
1.850547,2.850274
1.850547,2.850274
1.850547,2.850274
1.850547,2.850274
1.850547,2.850274
1.850547,2.850274
1.850547,2.850274
1.850547,2.850274
1.850545,2.850274
1.850547,2.850274
1.850547,2.850274
1.850547,2.850274
1.850509,2.850272
1.850547,2.850274
1.850547,2.850274
1.850547,2.850274
1.850547,2.850274
1.850547,2.850274
1.850547,2.850274
1.850547,2.850274
