1.850506,2.850272
1.850507,2.850272
1.850496,2.850271
1.850506,2.850272
1.850506,2.850272
1.850505,2.850272
1.850506,2.850272
1.850506,2.850272
1.850506,2.850272
1.902934,0.824847
1.850506,2.850272
1.850505,2.850272
1.850509,2.850272
0.172785,0.869622
1.850506,2.850272
1.857047,2.811723
1.850507,2.850272
1.850506,2.850272
1.850506,2.850272
1.857060,2.811572
1.837399,2.695296
1.850506,2.850272
1.850508,2.850272
1.850506,2.850272
1.850506,2.850272
1.850506,2.850272
1.850496,2.850271
1.850505,2.850272
1.850508,2.850272
1.850505,2.850272
1.850505,2.850272
1.850505,2.850272
1.850503,2.850272
1.850496,2.850271
1.850506,2.850272
1.850506,2.850272
1.850504,2.850272
1.850507,2.850272
1.850505,2.850272
1.850505,2.850272
1.850150,2.850129
1.850496,2.850271
1.850506,2.850272
1.850506,2.850272
1.850506,2.850272
1.850506,2.850272
1.850506,2.850272
1.850506,2.850272
1.850506,2.850272
1.850506,2.850272
1.850506,2.850272
1.850505,2.850272
1.850598,2.850271
1.850505,2.850272
1.850506,2.850272
1.850504,2.850272
1.850505,2.850272
1.850506,2.850272
1.745649,-0.729363
1.850096,2.850088
1.850506,2.850272
1.011644,1.361880
1.850504,2.850272
1.850506,2.850272
1.850506,2.850272
1.850508,2.850272
1.850503,2.850272
1.857059,2.811576
1.850506,2.850272
1.850506,2.850272
1.850505,2.850272
1.850506,2.850272
1.850500,2.850272
1.640792,2.572622
1.848969,2.847998
1.850507,2.850272
1.849686,2.849596
1.850506,2.850272
1.850609,2.850270
1.640791,2.572600
1.850503,2.850272
1.850506,2.850272
1.850506,2.850272
1.847229,2.840236
1.850506,2.850272
1.850506,2.850272
1.850097,2.850088
1.850506,2.850272
1.850506,2.850272
1.850506,2.850272
1.850506,2.850272
1.850500,2.850272
1.850506,2.850272
1.850505,2.850272
1.849687,2.849598
1.850505,2.850272
1.850505,2.850272
1.850506,2.850272
1.850505,2.850272
1.850496,2.850271
1.850506,2.850272
1.850508,2.850272
1.850496,2.850271
1.850506,2.850272
1.850508,2.850272
0.172785,0.869622
1.850506,2.850272
1.857060,2.811572
1.850506,2.850272
1.850506,2.850272
1.850505,2.850272
1.850505,2.850272
1.850507,2.850272
1.850505,2.850272
1.850505,2.850272
1.850506,2.850272
1.850506,2.850272
1.850505,2.850272
1.850506,2.850272
1.850506,2.850272
1.850505,2.850272
1.850509,2.850272
1.850505,2.850272
1.850505,2.850272
1.850505,2.850272
1.850507,2.850272
1.850505,2.850272
1.850505,2.850272
1.850506,2.850272
1.850709,2.850250
1.850455,2.850266
1.848869,2.847703
1.850505,2.850272
1.850097,2.850088
1.850506,2.850272
1.850506,2.850272
1.850505,2.850272
1.850506,2.850272
1.850506,2.850272
1.850506,2.850272
1.850506,2.850272
1.850506,2.850272
1.850506,2.850272
1.850506,2.850272
1.850504,2.850272
1.850506,2.850272
1.850505,2.850272
1.850506,2.850272
1.850506,2.850272
1.850506,2.850272
1.850479,2.850269
1.850506,2.850272
1.850455,2.850266
1.850506,2.850272
1.850506,2.850272
1.850508,2.850272
1.850506,2.850272
1.850505,2.850272
1.850505,2.850272
1.850506,2.850272
1.850506,2.850272
1.850506,2.850272
1.850506,2.850272
1.850506,2.850272
1.850507,2.850272
1.850503,2.850272
1.850506,2.850272
1.850506,2.850272
1.850508,2.850272
1.850507,2.850272
1.850506,2.850272
1.850508,2.850272
1.850509,2.850272
1.850504,2.850272
1.850506,2.850272
1.850498,2.850272
1.850506,2.850272
1.850505,2.850272
1.850505,2.850272
1.850506,2.850272
1.850508,2.850272
1.850506,2.850272
1.850506,2.850272
1.850506,2.850272
1.850506,2.850272
1.850481,2.850270
1.850505,2.850272
1.857060,2.811572
1.850506,2.850272
1.850506,2.850272
1.850506,2.850272
1.850506,2.850272
1.850506,2.850272
1.850506,2.850272
1.745649,-0.729363
1.640791,2.572602
1.850506,2.850272
1.850506,2.850272
1.850506,2.850272
1.850506,2.850272
1.850506,2.850272
1.850505,2.850272
1.850492,2.850271
1.850505,2.850272
1.850506,2.850272
1.850455,2.850266
1.850506,2.850272
1.850507,2.850272
1.850506,2.850272
1.850506,2.850272
1.850506,2.850272
1.850505,2.850272
1.850505,2.850272
1.850506,2.850272
1.850508,2.850272
1.745741,-0.730134
1.850506,2.850272
1.850505,2.850272
1.850506,2.850272
1.850506,2.850272
1.850507,2.850272
1.850507,2.850272
1.850506,2.850272
1.850506,2.850272
1.850504,2.850272
1.850506,2.850272
1.850506,2.850272
1.850500,2.850272
1.850506,2.850272
1.850493,2.850271
1.850506,2.850272
1.850506,2.850272
1.850547,2.850274
1.850547,2.850274
1.850505,2.850272
1.850500,2.850272
1.850507,2.850272
1.850506,2.850272
1.850506,2.850272
1.850506,2.850272
1.850504,2.850272
1.850506,2.850272
1.850505,2.850272
1.850506,2.850272
1.850506,2.850272
1.850506,2.850272
1.849686,2.849596
1.011646,1.361934
1.850506,2.850272
1.850506,2.850272
1.850506,2.850272
1.850504,2.850272
1.850505,2.850272
1.850496,2.850271
1.850506,2.850272
1.850506,2.850272
1.850505,2.850272
1.850506,2.850272
1.850474,2.850269
1.850507,2.850272
1.850506,2.850272
1.850505,2.850272
1.850506,2.850272
1.850504,2.850272
1.850506,2.850272
1.850505,2.850272
1.850506,2.850272
1.850481,2.850270
1.850506,2.850272
1.850505,2.850272
1.850610,2.850270
1.850507,2.850272
1.850505,2.850272
1.850598,2.850271
1.850506,2.850272
1.850506,2.850272
1.850505,2.850272
0.172785,0.869622
1.850503,2.850272
1.850506,2.850272
1.850505,2.850272
1.850508,2.850272
1.850505,2.850272
1.850505,2.850272
1.850507,2.850272
1.850506,2.850272
1.850455,2.850266
1.850506,2.850272
1.850503,2.850272
1.876721,2.253406
1.850506,2.850272
1.850455,2.850266
1.850503,2.850272
1.850508,2.850272
1.850505,2.850272
1.850506,2.850272
1.850505,2.850272
1.850505,2.850272
1.850506,2.850272
1.850506,2.850272
