1.850547,2.850274
1.850547,2.850274
1.850547,2.850274
1.850547,2.850274
1.850547,2.850274
1.850547,2.850274
1.850547,2.850274
1.850547,2.850274
1.850547,2.850274
1.850547,2.850274
1.850547,2.850274
1.850547,2.850274
1.902970,0.822730
1.857099,2.811104
1.850547,2.850274
1.850547,2.850274
1.850547,2.850274
1.850547,2.850274
1.850547,2.850274
1.850547,2.850274
1.850547,2.850274
1.850547,2.850274
1.850547,2.850274
1.850547,2.850274
1.850547,2.850274
1.850547,2.850274
1.850547,2.850274
1.850547,2.850274
1.850547,2.850274
1.850547,2.850274
1.850547,2.850274
1.850547,2.850274
1.850547,2.850274
1.850547,2.850274
1.850547,2.850274
1.850547,2.850274
1.850547,2.850274
1.850547,2.850274
1.850547,2.850274
1.850547,2.850274
1.850547,2.850274
1.850547,2.850274
1.902976,0.822349
1.850547,2.850274
1.850547,2.850274
1.850547,2.850274
1.850541,2.850274
1.850547,2.850274
1.850547,2.850274
1.850547,2.850274
1.850547,2.850274
1.850547,2.850274
1.850547,2.850274
1.857101,2.811085
1.850547,2.850274
1.850547,2.850274
1.850547,2.850274
1.850547,2.850274
1.850547,2.850274
1.850547,2.850274
1.850547,2.850274
1.850547,2.850274
1.850547,2.850274
1.850547,2.850274
1.850547,2.850274
1.850547,2.850274
1.850547,2.850274
1.850547,2.850274
1.850547,2.850274
1.850547,2.850274
1.850547,2.850274
0.172416,0.868599
1.850547,2.850274
1.850547,2.850274
1.850547,2.850274
1.876762,2.251638
1.011686,1.363138
1.850547,2.850274
1.850547,2.850274
1.850547,2.850274
1.850547,2.850274
1.850547,2.850274
1.850547,2.850274
1.850547,2.850274
1.850547,2.850274
1.850547,2.850274
1.850726,2.850245
1.850547,2.850274
1.850547,2.850274
1.850547,2.850274
1.850547,2.850274
1.850547,2.850274
1.011686,1.363138
1.850547,2.850274
1.850547,2.850274
1.850547,2.850274
1.850547,2.850274
1.850547,2.850274
1.850547,2.850274
1.850547,2.850274
1.850138,2.850120
1.850541,2.850274
1.850547,2.850274
1.850547,2.850274
1.850547,2.850274
1.850547,2.850274
1.850547,2.850274
1.850545,2.850274
1.850547,2.850274
1.850547,2.850274
1.850547,2.850274
1.850547,2.850274
1.850544,2.850274
1.876762,2.251638
1.850547,2.850274
1.850547,2.850274
1.850545,2.850274
1.850547,2.850274
1.850547,2.850274
1.850547,2.850274
1.850547,2.850274
1.850522,2.850273
1.850547,2.850274
1.850547,2.850274
1.850547,2.850274
1.850547,2.850274
1.850547,2.850274
1.850547,2.850274
1.850547,2.850274
1.850547,2.850274
1.850547,2.850274
1.848909,2.847822
1.850547,2.850274
1.850547,2.850274
1.850547,2.850274
1.850547,2.850274
1.850547,2.850274
1.850547,2.850274
1.011686,1.363138
1.850547,2.850274
1.850547,2.850274
1.850547,2.850274
1.640829,2.573191
1.850547,2.850274
1.850547,2.850274
1.850547,2.850274
1.850547,2.850274
1.876762,2.251638
1.849728,2.849660
1.850547,2.850274
1.850547,2.850274
1.850547,2.850274
1.850547,2.850274
1.850547,2.850274
1.850547,2.850274
1.850752,2.850236
1.850545,2.850274
1.640832,2.573241
1.850547,2.850274
1.850547,2.850274
1.850547,2.850274
1.850547,2.850274
1.850547,2.850274
1.640832,2.573241
1.876762,2.251638
1.850547,2.850274
1.850547,2.850274
1.850547,2.850274
1.850547,2.850274
1.850547,2.850274
1.850547,2.850274
1.850547,2.850274
0.998579,0.955439
1.850547,2.850274
1.850547,2.850274
1.850547,2.850274
1.850547,2.850274
1.850547,2.850274
1.850547,2.850274
1.850547,2.850274
1.850547,2.850274
1.850547,2.850274
1.850547,2.850274
1.850547,2.850274
1.431091,2.185925
1.850547,2.850274
1.850547,2.850274
1.850547,2.850274
1.850547,2.850274
1.850547,2.850274
1.850547,2.850274
1.850547,2.850274
1.745690,-0.729708
1.850547,2.850274
1.850547,2.850274
1.850547,2.850274
1.850547,2.850274
1.850547,2.850274
1.850547,2.850274
1.850547,2.850274
1.850547,2.850274
1.850547,2.850274
1.850138,2.850120
1.850547,2.850274
1.850547,2.850274
1.850547,2.850274
1.850547,2.850274
1.850547,2.850274
1.837440,2.696242
1.850547,2.850274
1.752243,-0.747894
1.850547,2.850274
1.850547,2.850274
1.850547,2.850274
1.850547,2.850274
1.850547,2.850274
1.850547,2.850274
1.850547,2.850274
1.850547,2.850274
1.850547,2.850274
1.850598,2.850271
1.850547,2.850274
1.850547,2.850274
1.850547,2.850274
1.850547,2.850274
1.850547,2.850274
1.850547,2.850274
1.850547,2.850274
1.850547,2.850274
1.850547,2.850274
1.850547,2.850274
1.850547,2.850274
1.850547,2.850274
1.850547,2.850274
1.850547,2.850274
1.850547,2.850274
1.850547,2.850274
1.850547,2.850274
1.850547,2.850274
1.850547,2.850274
1.850547,2.850274
1.850547,2.850274
1.850547,2.850274
1.850547,2.850274
1.850547,2.850274
1.850547,2.850274
1.850547,2.850274
1.850547,2.850274
1.850547,2.850274
1.847270,2.840482
1.850547,2.850274
1.850547,2.850274
1.850547,2.850274
1.850547,2.850274
1.850547,2.850274
1.850547,2.850274
1.850547,2.850274
1.850547,2.850274
1.850547,2.850274
1.850547,2.850274
1.850547,2.850274
1.850138,2.850120
1.850547,2.850274
1.850547,2.850274
1.850547,2.850274
1.850547,2.850274
1.850547,2.850274
1.850547,2.850274
1.850547,2.850274
1.850547,2.850274
1.850547,2.850274
1.850547,2.850274
1.850547,2.850274
1.850547,2.850274
1.850547,2.850274
1.850547,2.850274
1.850547,2.850274
1.857101,2.811085
1.850547,2.850274
1.745690,-0.729708
1.850547,2.850274
1.850547,2.850274
1.850547,2.850274
1.850547,2.850274
1.850544,2.850274
1.850547,2.850274
1.850547,2.850274
1.850547,2.850274
0.172826,0.869737
1.850547,2.850274
1.850547,2.850274
1.850547,2.850274
1.850547,2.850274
1.850547,2.850274
1.850547,2.850274
1.850547,2.850274
1.850547,2.850274
1.850547,2.850274
1.850547,2.850274
1.849728,2.849660
