1.011629,1.361418
1.837510,2.697859
1.850490,2.850271
1.850491,2.850271
1.850496,2.850271
1.850491,2.850271
1.850501,2.850272
1.850620,2.850269
1.850612,2.850270
1.850491,2.850271
1.850506,2.850272
1.850616,2.850270
1.850491,2.850271
1.850493,2.850271
1.850496,2.850271
1.850494,2.850271
1.850493,2.850271
1.850491,2.850271
1.850695,2.850254
1.850410,2.850256
1.849800,2.849764
1.850487,2.850270
1.850490,2.850271
1.850444,2.850264
1.850506,2.850272
1.850490,2.850271
1.850490,2.850271
1.850506,2.850272
1.850491,2.850271
1.850614,2.850270
1.850493,2.850271
1.850492,2.850271
1.850696,2.850254
1.850408,2.850256
1.850492,2.850271
1.850503,2.850272
1.850069,2.850065
1.850490,2.850271
1.850407,2.850256
1.903129,0.813211
1.850506,2.850272
1.850494,2.850271
1.850493,2.850271
1.850490,2.850271
1.850484,2.850270
1.850618,2.850269
1.011751,1.365080
1.850493,2.850271
1.850493,2.850271
1.850494,2.850271
1.850613,2.850270
1.850612,2.850270
1.011635,1.361592
1.850617,2.850269
1.850490,2.850271
1.850490,2.850271
1.850505,2.850272
1.850489,2.850271
1.850492,2.850271
1.850611,2.850270
1.850494,2.850271
1.850612,2.850270
1.850615,2.850270
1.850494,2.850271
1.850490,2.850271
1.902933,0.824882
1.850505,2.850272
1.850490,2.850271
1.850612,2.850270
1.850617,2.850269
1.850496,2.850271
1.850598,2.850271
1.850615,2.850270
1.850612,2.850270
1.850617,2.850269
1.850496,2.850271
1.903061,0.817252
1.850484,2.850270
1.850490,2.850271
1.850491,2.850271
1.850470,2.850268
1.850617,2.850269
1.850490,2.850271
1.850496,2.850271
1.857171,2.810248
1.850616,2.850269
1.850695,2.850254
1.850412,2.850257
1.850493,2.850271
1.850490,2.850271
1.850490,2.850271
1.850490,2.850271
1.850613,2.850270
1.850080,2.850074
1.850408,2.850256
1.850496,2.850271
1.850489,2.850271
1.850616,2.850269
1.850485,2.850270
1.850506,2.850272
1.850612,2.850270
1.850491,2.850271
1.850496,2.850271
1.850493,2.850271
1.850494,2.850271
1.850496,2.850271
1.850617,2.850269
1.850493,2.850271
1.850504,2.850272
1.850492,2.850271
1.850612,2.850270
1.850612,2.850270
1.850490,2.850271
1.850613,2.850270
1.850612,2.850270
1.850612,2.850270
1.850075,2.850070
1.850620,2.850269
1.850490,2.850271
1.850616,2.850269
1.850490,2.850271
1.850490,2.850271
1.850493,2.850271
1.850612,2.850270
1.850615,2.850270
1.850496,2.850271
1.850615,2.850270
1.850505,2.850272
1.850612,2.850270
1.850617,2.850269
1.850613,2.850270
1.850617,2.850269
1.848976,2.848020
1.850493,2.850271
1.850617,2.850269
1.850491,2.850271
1.850506,2.850272
1.850493,2.850271
1.850490,2.850271
1.850614,2.850270
1.850479,2.850269
1.850496,2.850271
1.850490,2.850271
1.850490,2.850271
1.850617,2.850269
1.850614,2.850270
1.850496,2.850271
1.849796,2.849757
1.850617,2.850269
1.850496,2.850271
1.850490,2.850271
1.850504,2.850272
1.850496,2.850271
1.850617,2.850269
1.850494,2.850271
1.850613,2.850270
1.850668,2.850260
1.850489,2.850271
1.850496,2.850271
1.850612,2.850270
1.850491,2.850271
1.850617,2.850269
1.850493,2.850271
1.850496,2.850271
1.850490,2.850271
1.850611,2.850270
1.850612,2.850270
1.850614,2.850270
1.850494,2.850271
1.850496,2.850271
1.850695,2.850254
1.850408,2.850256
1.850490,2.850271
1.850493,2.850271
1.850490,2.850271
1.850612,2.850270
1.850496,2.850271
1.850491,2.850271
1.850496,2.850271
0.172894,0.869931
1.850491,2.850271
1.850616,2.850269
1.850493,2.850271
1.850612,2.850270
1.745755,-0.730255
0.172771,0.869585
1.850493,2.850271
1.850428,2.850261
1.850612,2.850270
1.850493,2.850271
1.850494,2.850271
1.850616,2.850270
1.850505,2.850272
1.850491,2.850271
1.850490,2.850271
1.850613,2.850270
1.850444,2.850264
1.850493,2.850271
1.850506,2.850272
1.850496,2.850271
1.857047,2.811728
1.850491,2.850271
1.850612,2.850270
1.850484,2.850270
1.850490,2.850271
1.850490,2.850271
1.850616,2.850270
1.850598,2.850271
1.850615,2.850270
1.850494,2.850271
1.850493,2.850271
1.850615,2.850270
1.850494,2.850271
1.850491,2.850271
1.850616,2.850269
1.850612,2.850270
1.850488,2.850271
1.850620,2.850269
1.850598,2.850271
1.850490,2.850271
1.850493,2.850271
1.850493,2.850271
1.850491,2.850271
1.850598,2.850271
1.850616,2.850270
1.902922,0.825550
1.850627,2.850268
1.850617,2.850269
1.850463,2.850267
1.850645,2.850265
1.850621,2.850269
1.850489,2.850271
1.850491,2.850271
1.850491,2.850271
1.850616,2.850270
1.850496,2.850271
1.850496,2.850271
1.850493,2.850271
1.850490,2.850271
1.850616,2.850269
1.850493,2.850271
1.850494,2.850271
1.640899,2.574280
1.850616,2.850270
1.850491,2.850271
1.850491,2.850271
0.172686,0.869346
1.850700,2.850252
1.850616,2.850269
1.850496,2.850271
1.850493,2.850271
1.850490,2.850271
1.850613,2.850270
1.850616,2.850269
1.850505,2.850272
0.172876,0.869881
1.850496,2.850271
1.850491,2.850271
1.850490,2.850271
1.850616,2.850269
1.850494,2.850271
1.850490,2.850271
1.850617,2.850269
1.850496,2.850271
1.850612,2.850270
1.850493,2.850271
1.850506,2.850272
1.850616,2.850269
1.850623,2.850269
1.850616,2.850270
1.850493,2.850271
1.850494,2.850271
1.850614,2.850270
1.850490,2.850271
1.850613,2.850270
1.850504,2.850272
1.850613,2.850270
1.850505,2.850272
1.850496,2.850271
1.850496,2.850271
1.850617,2.850269
1.850496,2.850271
1.850479,2.850269
1.850490,2.850271
1.850490,2.850271
1.850495,2.850271
1.850493,2.850271
1.850491,2.850271
1.850465,2.850267
1.850490,2.850271
1.850629,2.850268
1.850612,2.850270
1.850615,2.850270
1.850612,2.850270
1.850491,2.850271
1.850490,2.850271
1.850490,2.850271
1.850611,2.850270
1.850616,2.850269
1.850613,2.850270
