1.850547,2.850274
1.850506,2.850272
1.850547,2.850274
1.850508,2.850272
1.850508,2.850272
1.850508,2.850272
1.850547,2.850274
1.850547,2.850274
1.837401,2.695333
1.850508,2.850272
1.850509,2.850272
1.850509,2.850272
1.850547,2.850274
1.850547,2.850274
1.902527,0.849115
1.850509,2.850272
1.850508,2.850272
1.850509,2.850272
1.850508,2.850272
1.850508,2.850272
1.850508,2.850272
1.850508,2.850272
1.850560,2.850274
1.850509,2.850272
1.850509,2.850272
0.172825,0.869737
1.850508,2.850272
1.849728,2.849660
1.850508,2.850272
1.640793,2.572639
1.850610,2.850270
1.850445,2.850264
1.850507,2.850272
1.850508,2.850272
1.850547,2.850274
1.850509,2.850272
1.850509,2.850272
1.850508,2.850272
1.850507,2.850272
1.850509,2.850272
1.850508,2.850272
1.850508,2.850272
1.850509,2.850272
1.848870,2.847706
1.850547,2.850274
1.850547,2.850274
1.850509,2.850272
1.850508,2.850272
1.850508,2.850272
1.850547,2.850274
1.850509,2.850272
1.850506,2.850272
1.857113,2.810933
1.850496,2.850271
1.850508,2.850272
1.850509,2.850272
1.850547,2.850274
1.850507,2.850272
1.850508,2.850272
1.850508,2.850272
1.850547,2.850274
1.850509,2.850272
1.850509,2.850272
1.850508,2.850272
1.850509,2.850272
1.850713,2.850249
1.850509,2.850272
1.745689,-0.729700
1.837401,2.695347
1.850509,2.850272
1.850508,2.850272
1.850508,2.850272
1.850508,2.850272
1.847231,2.840245
1.850547,2.850274
1.850506,2.850272
1.850509,2.850272
1.850547,2.850274
1.850509,2.850272
1.848870,2.847705
1.850508,2.850272
1.850547,2.850274
1.850509,2.850272
1.850508,2.850272
1.850508,2.850272
1.850509,2.850272
1.850508,2.850272
1.850508,2.850272
1.850507,2.850272
1.850508,2.850272
1.850508,2.850272
1.850507,2.850272
1.899660,1.020297
1.850507,2.850272
1.850509,2.850272
1.850543,2.850274
1.850547,2.850274
1.850509,2.850272
1.850508,2.850272
1.850508,2.850272
1.850507,2.850272
0.172786,0.869627
1.850547,2.850274
1.850509,2.850272
1.850508,2.850272
1.850547,2.850274
1.850508,2.850272
1.850547,2.850274
1.850508,2.850272
1.850508,2.850272
1.850509,2.850272
1.850547,2.850274
1.850508,2.850272
1.850508,2.850272
1.850547,2.850274
1.850508,2.850272
1.850508,2.850272
1.850508,2.850272
1.837401,2.695333
1.850547,2.850274
1.850547,2.850274
1.850509,2.850272
1.850508,2.850272
1.850509,2.850272
1.850547,2.850274
1.850509,2.850272
1.850508,2.850272
1.850507,2.850272
1.850508,2.850272
1.850508,2.850272
1.850509,2.850272
1.850502,2.850272
1.850547,2.850274
1.850508,2.850272
1.876723,2.253316
1.847270,2.840481
1.850508,2.850272
1.850509,2.850272
1.850508,2.850272
1.850508,2.850272
1.850508,2.850272
1.850509,2.850272
1.850507,2.850272
1.850508,2.850272
1.850507,2.850272
1.850509,2.850272
1.850508,2.850272
1.850099,2.850090
1.850508,2.850272
1.850509,2.850272
1.837401,2.695347
1.850508,2.850272
1.850547,2.850274
1.850508,2.850272
1.850508,2.850272
1.850547,2.850274
1.850509,2.850272
1.850509,2.850272
1.849728,2.849660
1.850547,2.850274
1.850509,2.850272
1.850508,2.850272
1.850547,2.850274
1.850505,2.850272
1.850508,2.850272
1.850508,2.850272
1.850543,2.850274
1.850547,2.850274
1.850507,2.850272
1.850508,2.850272
1.847232,2.840251
1.850507,2.850272
1.850508,2.850272
1.850508,2.850272
1.850509,2.850272
1.850547,2.850274
1.850507,2.850272
1.850509,2.850272
1.850509,2.850272
1.850508,2.850272
1.850508,2.850272
1.850509,2.850272
1.849689,2.849601
1.850507,2.850272
1.850509,2.850272
1.850547,2.850274
1.850547,2.850274
1.876722,2.253333
1.850509,2.850272
1.850508,2.850272
1.850508,2.850272
1.850508,2.850272
1.850546,2.850274
1.850509,2.850272
1.850509,2.850272
1.850508,2.850272
1.850509,2.850272
1.850508,2.850272
1.850507,2.850272
1.850509,2.850272
1.850508,2.850272
1.850508,2.850272
1.850547,2.850274
1.850547,2.850274
1.850546,2.850274
1.850509,2.850272
1.850508,2.850272
1.850547,2.850274
1.850508,2.850272
1.850547,2.850274
1.850547,2.850274
1.850508,2.850272
1.850547,2.850274
1.850509,2.850272
1.850509,2.850272
1.011648,1.361973
1.902937,0.824656
1.850508,2.850272
1.857062,2.811543
1.850547,2.850274
1.850508,2.850272
1.850509,2.850272
1.850547,2.850274
1.850508,2.850272
1.850509,2.850272
1.850547,2.850274
1.850508,2.850272
1.850547,2.850274
1.850508,2.850272
1.850508,2.850272
1.850507,2.850272
1.850547,2.850274
1.850509,2.850272
1.850508,2.850272
1.850547,2.850274
1.850547,2.850274
0.172787,0.869629
1.850508,2.850272
1.850547,2.850274
1.850508,2.850272
1.850508,2.850272
1.850547,2.850274
1.850508,2.850272
1.850547,2.850274
1.850508,2.850272
1.850508,2.850272
1.850509,2.850272
1.850500,2.850272
1.850509,2.850272
1.850547,2.850274
1.850547,2.850274
1.850508,2.850272
1.850507,2.850272
1.729266,-0.375204
1.850509,2.850272
1.850137,2.850120
1.850508,2.850272
1.850509,2.850272
1.850509,2.850272
1.850547,2.850274
1.850509,2.850272
1.850508,2.850272
1.850509,2.850272
1.850547,2.850274
1.850509,2.850272
1.850508,2.850272
1.849728,2.849660
1.850099,2.850090
1.850509,2.850272
1.850547,2.850274
1.850547,2.850274
1.850507,2.850272
1.850509,2.850272
1.850509,2.850272
1.850547,2.850274
1.850508,2.850272
1.850509,2.850272
1.850547,2.850274
1.850547,2.850274
1.850509,2.850272
1.850509,2.850272
1.850098,2.850089
1.850508,2.850272
1.876722,2.253354
1.850507,2.850272
1.850547,2.850274
1.850507,2.850272
1.850509,2.850272
1.850547,2.850274
1.850508,2.850272
1.850508,2.850272
1.850508,2.850272
1.850509,2.850272
1.850508,2.850272
0.169509,0.861345
1.850509,2.850272
1.850509,2.850272
1.850509,2.850272
1.850508,2.850272
1.850509,2.850272
