1.850560,2.850274
1.850509,2.850272
1.850547,2.850274
1.850547,2.850274
1.857043,2.811770
1.850560,2.850274
1.850598,2.850271
1.850547,2.850274
1.850547,2.850274
1.850508,2.850272
1.850547,2.850274
1.850508,2.850272
1.850547,2.850274
1.850547,2.850274
1.850445,2.850264
1.850611,2.850270
1.850509,2.850272
1.850547,2.850274
1.850508,2.850272
1.850547,2.850274
1.850547,2.850274
1.850547,2.850274
1.850547,2.850274
1.850547,2.850274
1.850509,2.850272
1.850547,2.850274
1.850086,2.850079
1.850560,2.850274
1.850543,2.850274
1.850547,2.850274
1.850547,2.850274
1.850509,2.850272
1.848857,2.847666
1.850560,2.850274
1.850546,2.850274
1.850509,2.850272
1.850547,2.850274
1.850547,2.850274
1.850509,2.850272
1.850509,2.850272
1.850611,2.850270
1.850444,2.850264
1.850547,2.850274
1.850543,2.850274
1.850560,2.850274
1.850496,2.850271
1.850547,2.850274
1.850547,2.850274
1.850547,2.850274
1.850547,2.850274
1.850547,2.850274
1.850509,2.850272
1.850547,2.850274
1.850547,2.850274
1.850509,2.850272
1.850547,2.850274
1.850560,2.850274
1.850496,2.850271
1.850496,2.850271
1.850560,2.850274
1.850508,2.850272
1.850547,2.850274
1.850547,2.850274
1.850547,2.850274
1.850509,2.850272
1.850547,2.850274
1.850547,2.850274
1.850547,2.850274
1.850547,2.850274
1.850547,2.850274
1.850508,2.850272
1.850547,2.850274
1.850547,2.850274
1.850507,2.850272
1.850509,2.850272
1.850547,2.850274
1.850509,2.850272
1.850547,2.850274
1.850509,2.850272
1.849689,2.849601
1.850509,2.850272
1.850547,2.850274
1.850547,2.850274
1.850483,2.850270
1.850509,2.850272
1.850509,2.850272
1.850547,2.850274
1.850547,2.850274
1.850508,2.850272
1.850547,2.850274
1.850543,2.850274
1.850544,2.850274
1.850611,2.850270
1.850444,2.850264
1.850509,2.850272
1.850509,2.850272
1.850496,2.850271
1.850560,2.850274
1.850547,2.850274
1.850508,2.850272
1.850496,2.850271
1.850509,2.850272
1.850547,2.850274
1.850560,2.850274
1.850547,2.850274
1.850509,2.850272
1.850547,2.850274
1.850509,2.850272
1.847270,2.840481
1.850547,2.850274
1.850509,2.850272
1.850547,2.850274
1.850547,2.850274
1.850547,2.850274
1.850547,2.850274
1.850547,2.850274
1.850509,2.850272
1.850509,2.850272
1.850547,2.850274
1.850547,2.850274
1.850547,2.850274
1.850547,2.850274
1.850547,2.850274
1.849728,2.849660
1.850547,2.850274
1.850547,2.850274
1.850509,2.850272
1.848909,2.847822
1.850547,2.850274
1.850547,2.850274
1.850457,2.850266
1.850547,2.850274
1.850508,2.850272
1.850509,2.850272
1.850509,2.850272
1.850547,2.850274
1.850547,2.850274
1.850547,2.850274
1.850509,2.850272
1.850509,2.850272
1.850509,2.850272
1.850509,2.850272
1.850547,2.850274
1.850547,2.850274
1.850547,2.850274
1.850547,2.850274
1.850547,2.850274
1.850505,2.850272
1.850547,2.850274
1.850547,2.850274
1.850547,2.850274
1.850547,2.850274
1.850547,2.850274
1.850509,2.850272
1.850559,2.850274
1.850496,2.850271
1.850547,2.850274
1.850547,2.850274
1.850547,2.850274
1.850547,2.850274
1.850496,2.850271
1.850560,2.850274
1.850547,2.850274
1.850547,2.850274
1.847270,2.840481
1.850483,2.850270
1.745689,-0.729707
1.850509,2.850272
1.745651,-0.729381
1.850547,2.850274
1.850509,2.850272
1.850547,2.850274
1.850547,2.850274
1.850509,2.850272
0.172825,0.869737
1.850547,2.850274
1.850547,2.850274
1.850547,2.850274
1.850547,2.850274
1.850547,2.850274
1.850547,2.850274
1.850543,2.850274
1.850547,2.850274
1.850547,2.850274
1.850509,2.850272
1.850547,2.850274
1.850137,2.850120
1.850547,2.850274
1.850547,2.850274
1.850547,2.850274
1.850509,2.850272
1.850547,2.850274
1.850547,2.850274
1.850547,2.850274
1.850547,2.850274
1.850509,2.850272
1.850547,2.850274
1.850547,2.850274
1.835797,2.656073
1.850509,2.850272
1.850547,2.850274
1.850509,2.850272
1.850547,2.850274
1.850547,2.850274
1.850509,2.850272
1.850547,2.850274
1.850509,2.850272
1.850547,2.850274
1.850543,2.850274
1.850547,2.850274
1.850509,2.850272
1.847270,2.840481
1.850547,2.850274
1.850547,2.850274
1.850547,2.850274
1.850547,2.850274
1.850547,2.850274
1.849728,2.849660
1.850547,2.850274
1.850547,2.850274
1.837440,2.696240
1.850508,2.850272
1.850547,2.850274
1.850547,2.850274
1.850547,2.850274
1.902976,0.822366
1.640832,2.573241
1.850509,2.850272
1.848909,2.847822
1.850547,2.850274
1.850508,2.850272
1.850509,2.850272
1.850509,2.850272
1.850547,2.850274
1.850547,2.850274
1.850547,2.850274
1.857062,2.811547
1.850547,2.850274
1.857101,2.811086
0.172825,0.869737
1.850547,2.850274
1.850547,2.850274
1.850547,2.850274
1.850509,2.850272
1.850509,2.850272
1.850509,2.850272
1.850547,2.850274
1.850560,2.850274
1.850547,2.850274
1.850547,2.850274
1.850547,2.850274
1.850509,2.850272
1.850547,2.850274
1.850508,2.850272
1.850547,2.850274
1.850509,2.850272
1.850547,2.850274
1.850509,2.850272
1.850547,2.850274
1.850547,2.850274
1.850509,2.850272
1.850547,2.850274
1.850509,2.850272
1.850508,2.850272
1.850547,2.850274
1.850509,2.850272
1.850547,2.850274
1.850508,2.850272
1.850509,2.850272
1.850508,2.850272
1.850547,2.850274
1.850547,2.850274
1.850509,2.850272
1.850547,2.850274
1.850547,2.850274
1.850547,2.850274
1.850540,2.850274
1.850547,2.850274
1.850508,2.850272
1.850509,2.850272
1.850508,2.850272
1.850547,2.850274
1.850509,2.850272
1.850547,2.850274
1.850547,2.850274
1.850547,2.850274
1.850509,2.850272
1.850509,2.850272
1.850547,2.850274
1.850547,2.850274
1.850546,2.850274
1.850547,2.850274
1.850508,2.850272
1.850509,2.850272
1.850547,2.850274
1.850546,2.850274
1.850547,2.850274
1.850547,2.850274
1.850509,2.850272
1.850509,2.850272
