1.850508,2.850272
1.850506,2.850272
1.850506,2.850272
1.850547,2.850274
1.850508,2.850272
1.850508,2.850272
1.850508,2.850272
1.850508,2.850272
1.850508,2.850272
1.640793,2.572636
1.850509,2.850272
1.850508,2.850272
1.850508,2.850272
1.850507,2.850272
1.850508,2.850272
1.850507,2.850272
1.850508,2.850272
1.850457,2.850266
1.850506,2.850272
1.850508,2.850272
1.850712,2.850249
1.850507,2.850272
1.850506,2.850272
1.850507,2.850272
1.850507,2.850272
1.850506,2.850272
1.850508,2.850272
1.850508,2.850272
1.850496,2.850271
1.850508,2.850272
1.850507,2.850272
1.850506,2.850272
1.850507,2.850272
1.850507,2.850272
1.850506,2.850272
1.850507,2.850272
1.850509,2.850272
1.850507,2.850272
1.850508,2.850272
1.850508,2.850272
1.850507,2.850272
1.850506,2.850272
1.850508,2.850272
1.850508,2.850272
1.850509,2.850272
1.850508,2.850272
1.850507,2.850272
1.850506,2.850272
1.850547,2.850274
1.850508,2.850272
1.850507,2.850272
1.850508,2.850272
1.850506,2.850272
0.172786,0.869625
1.850508,2.850272
1.850509,2.850272
1.850507,2.850272
1.850508,2.850272
1.850508,2.850272
1.850508,2.850272
1.850508,2.850272
1.850506,2.850272
1.850481,2.850270
1.850508,2.850272
1.850507,2.850272
1.850508,2.850272
1.850506,2.850272
1.850543,2.850274
1.850508,2.850272
1.850508,2.850272
1.850508,2.850272
1.850547,2.850274
1.850547,2.850274
1.850506,2.850272
1.850506,2.850272
1.850610,2.850270
1.850509,2.850272
1.850506,2.850272
1.850506,2.850272
1.850506,2.850272
1.847229,2.840236
1.847231,2.840249
1.850508,2.850272
1.850507,2.850272
1.850508,2.850272
1.850507,2.850272
1.850508,2.850272
1.850508,2.850272
1.850507,2.850272
1.850506,2.850272
1.850501,2.850272
1.850506,2.850272
1.850507,2.850272
1.850509,2.850272
1.850610,2.850270
1.850099,2.850090
1.850508,2.850272
1.850507,2.850272
1.850508,2.850272
1.850507,2.850272
1.850508,2.850272
1.850713,2.850249
1.850547,2.850274
1.848869,2.847703
1.850508,2.850272
1.850507,2.850272
1.850507,2.850272
1.850507,2.850272
1.849791,2.849751
1.850508,2.850272
1.850508,2.850272
1.850508,2.850272
1.850507,2.850272
1.850502,2.850272
1.745650,-0.729376
1.850507,2.850272
1.850547,2.850274
1.850508,2.850272
1.850547,2.850274
1.850507,2.850272
1.850509,2.850272
1.850508,2.850272
1.850507,2.850272
1.850506,2.850272
1.850507,2.850272
1.850506,2.850272
1.850507,2.850272
1.850506,2.850272
1.850508,2.850272
1.850507,2.850272
1.850547,2.850274
1.876761,2.251642
1.902936,0.824715
1.850506,2.850272
1.850508,2.850272
1.850506,2.850272
1.850507,2.850272
1.850547,2.850274
1.850507,2.850272
1.850506,2.850272
1.850506,2.850272
1.850509,2.850272
1.850507,2.850272
1.850506,2.850272
1.850508,2.850272
1.850507,2.850272
1.850507,2.850272
1.850547,2.850274
1.850509,2.850272
1.850508,2.850272
1.850506,2.850272
1.850508,2.850272
1.850495,2.850271
1.850507,2.850272
1.850496,2.850271
1.850508,2.850272
1.850547,2.850274
1.850508,2.850272
1.850506,2.850272
1.850506,2.850272
1.857062,2.811550
1.850508,2.850272
1.850507,2.850272
1.850507,2.850272
1.850508,2.850272
1.850543,2.850274
1.850507,2.850272
1.850508,2.850272
1.850506,2.850272
1.857062,2.811545
1.850509,2.850272
1.850507,2.850272
1.850507,2.850272
1.850508,2.850272
1.850506,2.850272
1.850506,2.850272
1.850507,2.850272
1.850508,2.850272
1.850506,2.850272
1.850509,2.850272
1.850508,2.850272
1.850509,2.850272
1.850506,2.850272
1.850507,2.850272
1.850560,2.850274
1.850496,2.850271
1.850508,2.850272
1.850507,2.850272
1.850508,2.850272
1.850507,2.850272
1.850508,2.850272
1.850509,2.850272
1.850547,2.850274
1.850508,2.850272
1.850509,2.850272
1.850097,2.850089
1.850506,2.850272
1.850507,2.850272
1.850506,2.850272
1.850508,2.850272
1.850098,2.850089
1.850507,2.850272
1.850507,2.850272
1.850509,2.850272
1.850547,2.850274
1.850507,2.850272
1.850547,2.850274
1.850506,2.850272
1.850506,2.850272
1.850509,2.850272
1.850509,2.850272
1.850546,2.850274
1.850508,2.850272
1.850508,2.850272
1.850507,2.850272
1.850508,2.850272
1.850508,2.850272
1.850506,2.850272
1.850508,2.850272
1.850507,2.850272
1.850508,2.850272
1.850508,2.850272
1.850481,2.850270
0.172787,0.869629
1.850509,2.850272
1.850508,2.850272
1.848870,2.847706
1.850508,2.850272
1.850507,2.850272
1.850507,2.850272
1.850507,2.850272
1.850507,2.850272
1.850507,2.850272
1.850506,2.850272
1.850507,2.850272
1.850507,2.850272
1.850507,2.850272
1.850508,2.850272
1.850506,2.850272
1.850508,2.850272
1.850547,2.850274
1.850507,2.850272
1.850507,2.850272
1.850509,2.850272
1.850506,2.850272
1.850506,2.850272
1.850508,2.850272
1.850509,2.850272
1.850507,2.850272
1.850508,2.850272
1.850509,2.850272
1.850507,2.850272
1.850547,2.850274
1.850509,2.850272
1.850507,2.850272
1.850508,2.850272
1.850508,2.850272
1.850507,2.850272
1.850508,2.850272
1.850507,2.850272
1.850507,2.850272
1.850507,2.850272
1.850508,2.850272
1.850506,2.850272
1.850547,2.850274
1.850507,2.850272
1.850506,2.850272
1.850507,2.850272
1.850508,2.850272
1.850508,2.850272
1.850507,2.850272
1.850507,2.850272
1.850547,2.850274
1.850508,2.850272
1.850507,2.850272
1.850507,2.850272
1.850508,2.850272
1.850508,2.850272
1.850507,2.850272
1.850508,2.850272
1.850506,2.850272
1.850507,2.850272
1.850509,2.850272
1.850547,2.850274
1.850507,2.850272
1.850507,2.850272
1.850508,2.850272
1.850506,2.850272
1.850506,2.850272
1.850507,2.850272
1.850508,2.850272
1.850508,2.850272
1.850508,2.850272
1.850509,2.850272
1.850508,2.850272
1.850547,2.850274
1.850508,2.850272
1.850508,2.850272
1.850508,2.850272
1.850507,2.850272
