1.850506,2.850272
1.850506,2.850272
1.850506,2.850272
1.850506,2.850272
1.850506,2.850272
1.850506,2.850272
1.850507,2.850272
1.850506,2.850272
1.850507,2.850272
1.850508,2.850272
1.850506,2.850272
1.837501,2.697661
1.850508,2.850272
1.745650,-0.729377
1.850505,2.850272
1.850508,2.850272
1.850509,2.850272
1.850507,2.850272
1.850506,2.850272
1.850547,2.850274
1.850507,2.850272
1.850506,2.850272
1.850506,2.850272
1.850506,2.850272
1.850506,2.850272
1.850505,2.850272
1.850506,2.850272
1.850507,2.850272
1.850507,2.850272
1.640791,2.572602
1.850506,2.850272
1.850506,2.850272
1.850507,2.850272
1.850507,2.850272
1.850506,2.850272
1.850506,2.850272
1.850508,2.850272
1.850507,2.850272
1.850507,2.850272
1.850457,2.850266
1.850507,2.850272
1.850506,2.850272
1.850506,2.850272
1.850507,2.850272
1.850506,2.850272
1.850506,2.850272
1.850506,2.850272
1.850506,2.850272
1.850507,2.850272
1.850506,2.850272
1.850506,2.850272
1.850506,2.850272
1.850508,2.850272
1.850506,2.850272
1.640791,2.572602
1.850506,2.850272
1.850507,2.850272
1.850506,2.850272
1.850506,2.850272
1.850506,2.850272
1.850506,2.850272
1.850506,2.850272
1.850506,2.850272
1.850508,2.850272
1.847231,2.840245
1.850506,2.850272
1.850506,2.850272
1.850506,2.850272
1.850547,2.850274
1.850097,2.850089
1.848868,2.847698
1.850507,2.850272
1.848868,2.847698
1.850507,2.850272
1.850506,2.850272
1.850506,2.850272
1.850506,2.850272
1.850506,2.850272
1.850507,2.850272
1.850509,2.850272
1.850506,2.850272
1.850507,2.850272
1.850506,2.850272
1.850547,2.850274
1.850506,2.850272
1.850507,2.850272
1.850507,2.850272
1.850508,2.850272
1.850507,2.850272
1.850506,2.850272
1.850508,2.850272
1.850506,2.850272
1.011648,1.361982
1.850506,2.850272
1.850506,2.850272
1.850501,2.850272
1.850506,2.850272
1.850506,2.850272
1.850508,2.850272
1.850506,2.850272
1.850507,2.850272
1.850506,2.850272
1.850507,2.850272
1.850506,2.850272
1.850506,2.850272
1.850506,2.850272
1.850505,2.850272
1.850508,2.850272
1.850506,2.850272
1.850507,2.850272
1.850508,2.850272
1.850506,2.850272
1.850508,2.850272
1.850506,2.850272
1.850506,2.850272
1.850506,2.850272
1.745649,-0.729363
1.850503,2.850272
1.850506,2.850272
1.850508,2.850272
1.850507,2.850272
1.850505,2.850272
1.850506,2.850272
1.850508,2.850272
1.850506,2.850272
1.850509,2.850272
1.850506,2.850272
1.011648,1.361973
1.850506,2.850272
1.850506,2.850272
1.850506,2.850272
1.850508,2.850272
1.850506,2.850272
1.850506,2.850272
1.850506,2.850272
1.876721,2.253406
1.850506,2.850272
1.850506,2.850272
1.850507,2.850272
1.850506,2.850272
1.850506,2.850272
1.850547,2.850274
1.850508,2.850272
1.850508,2.850272
1.850508,2.850272
1.850506,2.850272
1.850506,2.850272
1.850506,2.850272
1.850506,2.850272
1.850508,2.850272
1.850506,2.850272
1.850814,2.850209
1.850507,2.850272
1.850506,2.850272
1.850507,2.850272
1.850506,2.850272
1.850507,2.850272
1.850506,2.850272
1.850505,2.850272
1.850506,2.850272
1.876722,2.253337
1.850506,2.850272
1.850505,2.850272
1.850506,2.850272
1.850506,2.850272
1.850506,2.850272
1.850543,2.850274
1.850506,2.850272
1.850506,2.850272
1.850508,2.850272
1.850506,2.850272
1.850507,2.850272
1.850509,2.850272
1.850547,2.850274
1.850506,2.850272
1.850507,2.850272
1.850508,2.850272
1.850506,2.850272
1.850506,2.850272
1.850506,2.850272
1.850508,2.850272
1.850506,2.850272
1.850507,2.850272
1.902937,0.824686
1.850506,2.850272
1.850506,2.850272
1.850506,2.850272
1.850506,2.850272
1.850506,2.850272
1.850506,2.850272
1.850506,2.850272
1.850506,2.850272
1.745651,-0.729383
1.850506,2.850272
1.850506,2.850272
1.850508,2.850272
1.850506,2.850272
1.850506,2.850272
1.850507,2.850272
1.850508,2.850272
1.848870,2.847705
0.172778,0.869604
1.850507,2.850272
1.850508,2.850272
1.850506,2.850272
1.850506,2.850272
1.850508,2.850272
1.850508,2.850272
1.850506,2.850272
1.850507,2.850272
1.011646,1.361934
1.850507,2.850272
1.850508,2.850272
1.902936,0.824739
1.850506,2.850272
1.850508,2.850272
1.850507,2.850272
1.850507,2.850272
1.850506,2.850272
1.850506,2.850272
1.850506,2.850272
1.850506,2.850272
1.850507,2.850272
1.850506,2.850272
1.850507,2.850272
1.850506,2.850272
1.850506,2.850272
1.850507,2.850272
1.850506,2.850272
1.850506,2.850272
1.850509,2.850272
1.850507,2.850272
1.850506,2.850272
1.850506,2.850272
1.850506,2.850272
1.850506,2.850272
1.850507,2.850272
1.850506,2.850272
1.745649,-0.729363
1.850507,2.850272
1.850506,2.850272
1.849660,2.849554
1.850506,2.850272
1.848868,2.847698
1.850455,2.850266
1.850508,2.850272
1.850506,2.850272
1.850506,2.850272
1.850507,2.850272
1.850507,2.850272
1.850506,2.850272
1.850508,2.850272
1.850506,2.850272
1.850506,2.850272
1.850504,2.850272
1.011645,1.361910
1.850506,2.850272
1.850505,2.850272
1.850508,2.850272
1.850506,2.850272
1.850506,2.850272
1.850506,2.850272
1.850506,2.850272
1.850506,2.850272
1.850506,2.850272
1.850506,2.850272
1.850507,2.850272
1.850506,2.850272
1.850506,2.850272
1.850506,2.850272
1.850506,2.850272
1.850508,2.850272
1.850506,2.850272
1.850508,2.850272
1.850506,2.850272
1.850506,2.850272
1.850506,2.850272
1.850506,2.850272
1.850507,2.850272
0.172778,0.869604
1.850506,2.850272
1.850507,2.850272
1.850508,2.850272
1.850505,2.850272
1.850506,2.850272
1.850506,2.850272
1.850506,2.850272
1.857058,2.811589
1.850507,2.850272
1.850506,2.850272
1.850508,2.850272
1.850505,2.850272
1.850508,2.850272
1.850509,2.850272
1.850506,2.850272
1.850508,2.850272
1.850509,2.850272
1.850507,2.850272
1.850506,2.850272
1.850506,2.850272
