1.864405,2.676725
1.658486,2.599891
1.866766,2.613749
0.189044,0.936211
1.650900,2.650240
1.832022,2.547502
1.871079,2.475606
1.760412,-0.667070
1.850208,2.850168
1.650846,2.650263
1.660640,2.568721
1.869884,2.516770
0.187500,0.928246
1.650873,2.650252
1.072320,1.819326
1.660169,2.576175
1.861129,2.748539
1.850208,2.850168
1.842728,2.794853
1.654692,2.636751
1.650799,2.650279
1.848069,2.844672
1.657503,2.611673
1.850208,2.850168
1.863815,2.691023
1.660168,2.576181
1.866399,2.624150
1.867802,2.583238
1.850283,2.850210
1.867216,2.600699
1.847554,2.842104
1.843654,2.807136
1.867218,2.600649
1.657503,2.611674
1.867218,2.600640
1.455701,2.432416
1.660165,2.576236
1.866735,2.614632
1.660169,2.576175
1.850208,2.850168
1.866766,2.613749
1.660167,2.576204
1.450940,2.450307
1.848007,2.844384
1.863836,2.690516
1.648967,2.648098
1.650846,2.650263
1.867218,2.600652
1.239711,2.175503
1.843313,2.802788
1.654087,2.640473
1.869868,2.517290
1.657455,2.612205
1.660169,2.576167
1.657490,2.611813
1.869884,2.516770
1.863801,2.691346
1.660154,2.576401
1.874237,2.356681
1.844864,2.820903
1.850284,2.850211
1.850205,2.850167
1.660168,2.576181
1.866766,2.613749
1.655176,2.633343
1.866766,2.613749
1.838678,2.723586
1.843313,2.802788
1.850208,2.850168
1.867218,2.600652
1.850223,2.850178
1.660153,2.576408
1.863804,2.691265
1.850205,2.850167
1.658892,2.594586
1.624632,2.135431
1.863815,2.691023
1.648160,2.645406
1.858716,2.789469
1.455879,2.431120
1.850207,2.850168
1.649001,2.648189
1.450925,2.450312
1.660168,2.576181
1.850208,2.850168
1.658891,2.594595
1.867550,2.590804
1.868037,2.576071
1.850282,2.850209
1.650846,2.650263
1.866731,2.614750
1.876072,2.281171
1.870188,2.506495
1.863839,2.690440
1.654690,2.636762
1.863802,2.691324
1.840900,2.766186
1.653259,2.644603
1.838676,2.723546
1.867708,2.586078
1.455632,2.432906
1.057363,2.029202
-0.024107,1.016561
1.666821,2.439449
1.660460,2.571612
1.870293,2.502902
1.445155,2.428450
1.850279,2.850208
1.029949,1.832269
1.654635,2.637127
1.657456,2.612199
1.650810,2.650275
1.654690,2.636762
1.860562,2.759068
1.868753,2.553713
1.660169,2.576175
1.843313,2.802788
1.873461,2.387229
1.867218,2.600640
1.843313,2.802788
1.850207,2.850168
1.867218,2.600652
1.832022,2.547499
1.654690,2.636762
1.870393,2.499501
1.657363,2.613216
1.850208,2.850168
1.850208,2.850168
1.832504,2.562581
1.865090,2.659396
1.657399,2.612820
1.653615,2.642962
1.860053,2.768056
1.847455,2.841554
1.838678,2.723586
1.864429,2.676144
1.657835,2.607867
1.866399,2.624139
1.050650,2.050431
1.670184,2.345513
1.864478,2.674912
1.863790,2.691609
1.657399,2.612823
1.657401,2.612806
1.896222,1.224516
1.005347,1.168074
1.850208,2.850168
1.870356,2.500746
1.843313,2.802788
1.841092,2.769458
1.660169,2.576175
1.866731,2.614747
1.660169,2.576175
1.849388,2.849047
1.850282,2.850209
1.867215,2.600731
1.455485,2.433928
1.867936,2.579151
1.455627,2.432940
1.455634,2.432892
1.654692,2.636745
1.850208,2.850168
1.649721,2.649657
1.864235,2.680914
1.850208,2.850168
1.655176,2.633343
1.843669,2.807327
1.659229,2.589974
1.839365,2.737654
1.838575,2.721419
1.658891,2.594595
1.445152,2.428426
1.868370,2.565789
1.660172,2.576125
1.848021,2.844452
1.464685,2.311566
1.832022,2.547499
1.866766,2.613749
1.657051,2.616566
1.867116,2.603634
1.654691,2.636757
1.863790,2.691599
1.864429,2.676144
1.850208,2.850168
1.867218,2.600652
1.832022,2.547499
1.866766,2.613749
1.650810,2.650275
1.858727,2.789312
1.640567,2.569048
1.426664,2.060129
1.850208,2.850168
1.835379,2.645150
1.648929,2.647996
1.650846,2.650263
1.660271,2.574586
1.850208,2.850169
1.863801,2.691339
1.850208,2.850168
1.839365,2.737654
1.657403,2.612781
1.652338,2.647884
1.867218,2.600649
1.654690,2.636760
1.650846,2.650263
1.861129,2.748537
1.876422,2.266253
1.844864,2.820906
1.866983,2.607507
1.864429,2.676144
1.850283,2.850210
1.867213,2.600792
1.838645,2.722882
1.650876,2.650251
1.046353,2.039493
1.654690,2.636763
1.657401,2.612806
1.863802,2.691324
1.864478,2.674912
1.867218,2.600640
1.867218,2.600652
1.861129,2.748539
1.863813,2.691071
1.866720,2.615052
1.860561,2.759091
1.657016,2.616930
1.860562,2.759068
1.628961,2.285901
1.863791,2.691590
1.654689,2.636767
1.867218,2.600649
1.640492,2.567853
1.650846,2.650263
1.658530,2.599337
1.657400,2.612810
1.838678,2.723586
1.654690,2.636763
1.657503,2.611668
0.815829,1.389185
1.848022,2.844453
1.867079,2.604710
0.811603,1.289336
1.655817,2.628244
1.865295,2.654065
1.870356,2.500746
1.866731,2.614747
1.671949,2.289965
1.649061,2.648344
1.660169,2.576175
1.650810,2.650275
1.843414,2.804095
1.657355,2.613311
1.650846,2.650263
1.867218,2.600652
1.650847,2.650263
1.650846,2.650263
1.654075,2.640541
1.869884,2.516770
1.657400,2.612810
1.863815,2.691023
1.044737,2.030487
1.863802,2.691327
1.860562,2.759068
1.455879,2.431120
1.871079,2.475585
1.838675,2.723533
1.832022,2.547490
1.848020,2.844448
1.660169,2.576175
1.657456,2.612199
1.870178,2.506835
1.626630,2.207553
1.657401,2.612807
1.745350,-0.726759
1.634492,2.444321
1.871823,2.448869
1.657456,2.612199
1.871079,2.475606
1.650843,2.650264
1.850208,2.850168
1.870188,2.506492
1.865270,2.654736
1.658275,2.602558
1.657150,2.615518
1.654723,2.636538
1.842696,2.794401
1.876897,2.245759
1.867218,2.600640
1.850208,2.850168
1.850207,2.850168
1.657503,2.611673
1.657401,2.612806
1.883464,1.935044
1.870074,2.510352
1.707119,0.621394
1.660168,2.576181
1.657503,2.611673
1.657456,2.612199
1.765330,-0.564517
1.842730,2.794875
