1.850284,2.850210
1.848007,2.844384
1.850348,2.850238
1.850204,2.850166
1.904901,0.707861
1.850282,2.850209
1.738455,-0.625365
1.850322,2.850227
1.850208,2.850168
1.847005,2.838835
1.844870,2.820963
1.850202,2.850165
1.845669,2.828611
1.849388,2.849047
1.850668,2.850260
1.850234,2.850184
1.850207,2.850168
1.850320,2.850226
1.850300,2.850218
1.850320,2.850226
1.849388,2.849047
1.850208,2.850168
1.850319,2.850226
1.850633,2.850267
1.850296,2.850216
1.902639,0.842439
1.837623,2.700458
1.843311,2.802764
1.850208,2.850168
1.850728,2.850244
1.843313,2.802788
1.850274,2.850205
1.850208,2.850168
1.849388,2.849047
1.850223,2.850178
1.850144,2.850125
1.850223,2.850178
1.848006,2.844381
1.838652,2.723036
1.850207,2.850168
1.850208,2.850168
1.850208,2.850168
1.850207,2.850168
1.850274,2.850205
1.838575,2.721419
1.850284,2.850211
1.848123,2.844911
1.863894,2.689138
1.843475,2.804876
1.849868,2.849853
1.849491,2.849254
1.850207,2.850168
1.850320,2.850226
1.850284,2.850211
1.850208,2.850168
1.838575,2.721419
1.850207,2.850168
1.850205,2.850167
1.849388,2.849047
1.850322,2.850227
1.850300,2.850218
1.850205,2.850167
1.850208,2.850168
1.850279,2.850208
1.850208,2.850168
1.850728,2.850244
1.850226,2.850179
1.850729,2.850244
1.850279,2.850208
1.856774,2.814887
1.850283,2.850210
1.850227,2.850180
1.850055,2.850052
1.848096,2.844792
1.850274,2.850206
1.850245,2.850190
1.850285,2.850211
1.902633,0.842785
1.850208,2.850168
1.850208,2.850168
1.850284,2.850211
1.850284,2.850211
1.850617,2.850269
1.850282,2.850209
1.850208,2.850168
1.850297,2.850217
1.850206,2.850167
1.850207,2.850168
1.850205,2.850167
1.850208,2.850168
1.843591,2.806350
1.850208,2.850168
1.858716,2.789469
1.843313,2.802788
1.850208,2.850168
1.850208,2.850168
1.850320,2.850226
1.850208,2.850168
1.848022,2.844455
1.850220,2.850176
1.850208,2.850168
1.850728,2.850244
1.850147,2.850127
1.850208,2.850168
1.850223,2.850178
1.850233,2.850183
1.850284,2.850210
1.850208,2.850168
1.850282,2.850209
1.850233,2.850183
1.848022,2.844453
1.863405,2.700604
1.850208,2.850168
1.850208,2.850168
1.849388,2.849047
1.850282,2.850209
1.850282,2.850209
1.850282,2.850209
1.850208,2.850168
1.850208,2.850168
1.856761,2.815032
1.850247,2.850191
1.838636,2.722706
1.848022,2.844455
1.850207,2.850168
1.850297,2.850217
1.850207,2.850168
1.849388,2.849047
1.850208,2.850168
1.842728,2.794849
1.850207,2.850168
1.011142,1.346753
1.850284,2.850210
1.850284,2.850211
1.850223,2.850178
1.850208,2.850168
1.850208,2.850168
1.850284,2.850211
1.850207,2.850168
1.850345,2.850236
1.850207,2.850168
1.850208,2.850168
1.850284,2.850211
1.850223,2.850178
1.850223,2.850178
1.847558,2.842121
1.847824,2.843509
1.850464,2.850267
1.850220,2.850176
1.850720,2.850247
1.850659,2.850262
1.850183,2.850152
1.850282,2.850209
1.850208,2.850168
1.850281,2.850209
1.850207,2.850168
1.850732,2.850243
1.850209,2.850169
1.850284,2.850211
1.850205,2.850167
1.838636,2.722706
1.850211,2.850171
1.850223,2.850178
1.849388,2.849047
1.850207,2.850168
1.850208,2.850168
1.850288,2.850212
1.850285,2.850211
1.850695,2.850254
1.844865,2.820907
1.850208,2.850168
1.850284,2.850211
1.845669,2.828612
1.843313,2.802787
1.850223,2.850178
1.850223,2.850178
1.850281,2.850209
1.850208,2.850168
1.850204,2.850166
1.850280,2.850209
1.844864,2.820906
1.850280,2.850209
1.850208,2.850168
1.850208,2.850168
1.850728,2.850244
1.866399,2.624136
1.850282,2.850209
1.866731,2.614747
1.850208,2.850168
1.850274,2.850205
1.850284,2.850211
1.838636,2.722706
1.850281,2.850209
1.850205,2.850167
1.859743,2.773301
1.850207,2.850168
1.850226,2.850179
1.850205,2.850167
1.850207,2.850168
1.849387,2.849045
1.850729,2.850244
1.850208,2.850168
1.848020,2.844448
1.849388,2.849047
1.850205,2.850167
1.850222,2.850177
1.850207,2.850168
1.850220,2.850176
1.836354,2.670170
1.646984,2.639594
1.850282,2.850209
1.850208,2.850168
1.850729,2.850244
1.850345,2.850236
1.850207,2.850168
1.850284,2.850211
1.850282,2.850209
1.850732,2.850243
1.850695,2.850254
1.850207,2.850168
1.850300,2.850218
1.850208,2.850168
1.850208,2.850168
1.849388,2.849047
1.850220,2.850176
1.848007,2.844386
1.745350,-0.726762
1.876421,2.266287
1.850208,2.850168
1.850208,2.850168
1.850208,2.850168
1.850728,2.850244
1.850709,2.850250
1.850207,2.850168
1.847554,2.842104
1.850220,2.850176
1.850223,2.850178
1.850695,2.850254
1.850207,2.850168
1.849387,2.849043
1.850208,2.850168
1.850208,2.850168
1.850208,2.850169
1.850282,2.850209
1.850203,2.850165
1.850730,2.850243
1.850247,2.850191
1.856755,2.815100
1.848275,2.845561
1.860310,2.763578
1.850207,2.850168
1.850282,2.850209
1.850208,2.850169
1.850274,2.850206
1.848019,2.844443
1.850284,2.850210
1.844864,2.820906
1.850208,2.850168
1.640515,2.568226
1.850259,2.850198
1.850208,2.850168
1.850208,2.850168
1.847556,2.842114
1.843650,2.807090
1.850210,2.850170
1.850301,2.850218
1.840453,2.758298
1.850209,2.850169
1.850208,2.850168
1.850695,2.850254
1.850293,2.850215
1.848025,2.844470
1.850274,2.850205
1.849057,2.848245
1.850297,2.850217
1.850300,2.850218
1.850208,2.850168
1.850220,2.850176
1.850208,2.850168
1.850207,2.850168
1.850208,2.850168
1.850208,2.850168
1.850284,2.850211
1.856762,2.815029
1.850280,2.850209
1.850275,2.850206
1.838739,2.724865
1.850044,2.850042
0.591989,0.852580
1.848124,2.844917
1.850214,2.850172
1.850207,2.850168
1.850322,2.850227
1.850280,2.850209
1.850208,2.850168
1.850284,2.850211
1.850220,2.850176
1.850284,2.850211
1.837101,2.688307
1.850208,2.850168
