1.850695,2.850254
1.850208,2.850169
1.850284,2.850211
1.850214,2.850172
1.850223,2.850178
1.850282,2.850209
1.850274,2.850205
1.850288,2.850212
1.850464,2.850267
1.850729,2.850244
1.850297,2.850217
1.850284,2.850211
1.850309,2.850222
1.850294,2.850215
1.850284,2.850210
1.850345,2.850236
1.850208,2.850168
1.850208,2.850168
1.850284,2.850210
1.850695,2.850254
1.850226,2.850179
1.850284,2.850211
1.848684,2.847104
1.850282,2.850209
1.850281,2.850209
1.850617,2.850269
1.850245,2.850190
1.850288,2.850212
1.850284,2.850211
1.850695,2.850254
1.850728,2.850244
1.850320,2.850226
1.850464,2.850267
1.850226,2.850179
1.850291,2.850214
1.850220,2.850176
1.850728,2.850244
1.850730,2.850243
1.850281,2.850209
1.850720,2.850247
1.850297,2.850217
1.850282,2.850209
1.850274,2.850206
1.850709,2.850250
1.850728,2.850244
1.850695,2.850254
1.850617,2.850269
1.640917,2.574569
1.850695,2.850254
1.850284,2.850210
1.850297,2.850217
1.848659,2.847019
1.850077,2.850072
1.850284,2.850211
1.850284,2.850211
1.850279,2.850208
1.850226,2.850180
1.850281,2.850209
1.850281,2.850209
1.850282,2.850209
1.850223,2.850178
1.850297,2.850217
1.850208,2.850168
1.850720,2.850247
1.850284,2.850211
1.850728,2.850244
1.850345,2.850236
1.850226,2.850179
1.850284,2.850211
1.850691,2.850255
1.850284,2.850211
1.850668,2.850260
1.850259,2.850198
1.850284,2.850211
1.850297,2.850217
1.850300,2.850218
1.850300,2.850218
1.850274,2.850206
1.850284,2.850211
1.847418,2.841342
1.751964,-0.748630
1.850336,2.850233
1.850223,2.850177
1.850285,2.850211
1.850345,2.850236
1.850280,2.850209
1.850208,2.850168
1.850259,2.850198
1.850297,2.850217
1.850234,2.850184
1.850695,2.850254
1.850282,2.850209
1.850208,2.850168
1.850223,2.850178
1.850322,2.850227
1.850319,2.850226
1.850273,2.850205
1.850728,2.850244
1.850730,2.850243
1.857248,2.809305
1.850732,2.850243
1.847455,2.841553
1.850695,2.850254
1.850301,2.850218
1.850284,2.850211
1.850223,2.850178
1.850214,2.850172
1.850709,2.850250
1.850282,2.850209
1.850245,2.850190
1.850293,2.850215
1.850320,2.850226
1.850249,2.850192
1.850144,2.850125
1.850284,2.850211
1.745387,-0.727094
1.850275,2.850206
1.850223,2.850178
1.745376,-0.726994
1.850728,2.850244
1.850345,2.850236
1.850728,2.850244
1.850281,2.850209
1.850284,2.850211
1.850288,2.850212
1.850208,2.850168
1.850284,2.850211
1.850256,2.850196
1.850732,2.850243
1.850695,2.850254
1.850220,2.850176
1.850695,2.850254
1.850284,2.850211
1.850208,2.850168
1.850208,2.850168
1.857200,2.809897
1.850296,2.850216
1.850284,2.850211
1.850301,2.850218
1.876944,2.243720
1.850300,2.850218
1.850322,2.850227
1.850345,2.850236
1.850730,2.850243
1.850227,2.850180
1.850274,2.850205
1.850274,2.850205
1.850223,2.850178
1.850309,2.850222
1.850282,2.850209
1.849461,2.849196
1.850279,2.850208
1.850728,2.850244
1.850301,2.850218
1.850695,2.850254
1.850284,2.850211
1.850217,2.850174
1.850719,2.850247
1.850208,2.850168
1.850208,2.850168
1.850208,2.850168
1.850282,2.850209
1.850322,2.850227
1.850284,2.850210
1.850284,2.850211
1.850282,2.850209
1.902703,0.838616
1.850633,2.850267
1.850284,2.850211
1.850284,2.850211
1.850208,2.850168
1.850709,2.850250
1.850300,2.850218
1.849491,2.849254
1.640749,2.571942
1.850207,2.850168
1.640944,2.574973
1.850505,2.850272
1.849056,2.848243
1.850284,2.850211
1.011357,1.353229
1.850796,2.850218
1.850659,2.850262
1.850284,2.850211
1.850282,2.850209
1.850730,2.850243
1.850208,2.850168
1.850728,2.850244
1.850322,2.850227
1.850695,2.850254
1.850208,2.850168
1.850223,2.850178
1.850284,2.850210
1.850220,2.850176
1.850211,2.850171
1.850296,2.850216
1.850320,2.850226
1.850205,2.850167
1.850728,2.850244
1.850345,2.850236
1.850320,2.850227
1.850281,2.850209
1.850282,2.850209
1.850282,2.850209
1.850284,2.850210
1.850328,2.850230
1.850309,2.850222
1.850021,2.850020
1.850730,2.850243
1.850206,2.850167
1.850208,2.850168
1.850208,2.850168
1.850282,2.850209
1.850207,2.850168
1.850284,2.850211
1.850282,2.850209
1.850223,2.850178
1.850296,2.850216
1.850728,2.850244
1.850220,2.850176
1.850274,2.850206
1.850229,2.850181
1.850210,2.850170
1.850297,2.850217
1.850280,2.850209
1.850695,2.850254
1.850220,2.850176
1.850284,2.850210
1.850728,2.850244
1.850300,2.850218
1.850684,2.850257
1.850282,2.850209
1.850729,2.850244
1.850220,2.850176
1.850209,2.850169
1.850281,2.850209
1.850659,2.850262
1.850718,2.850247
1.850684,2.850257
1.850318,2.850226
1.850288,2.850212
1.848646,2.846974
1.850208,2.850168
1.850208,2.850168
1.850349,2.850238
1.850296,2.850216
1.850285,2.850211
1.850274,2.850206
1.850115,2.850103
1.850617,2.850269
1.850345,2.850236
1.850284,2.850211
1.850617,2.850269
1.850279,2.850208
1.850293,2.850215
1.850210,2.850170
1.850729,2.850244
1.850207,2.850168
1.850283,2.850210
1.850633,2.850267
1.850695,2.850254
1.850729,2.850244
1.850320,2.850226
1.850282,2.850209
1.850227,2.850180
1.850204,2.850166
1.850297,2.850217
1.850617,2.850269
1.850233,2.850183
1.846931,2.838354
1.850728,2.850244
1.850284,2.850210
1.850279,2.850208
1.850322,2.850227
1.850223,2.850178
1.850223,2.850178
1.850695,2.850254
1.850345,2.850236
1.850247,2.850191
1.848581,2.846745
1.850220,2.850176
1.850077,2.850072
1.850742,2.850239
1.850267,2.850202
1.850223,2.850178
1.850300,2.850218
1.850299,2.850218
1.850695,2.850254
1.850728,2.850244
1.850322,2.850227
1.850727,2.850244
1.850280,2.850209
1.850223,2.850178
1.850285,2.850211
1.850275,2.850206
1.850728,2.850244
1.850220,2.850176
1.850312,2.850223
1.850208,2.850168
1.850285,2.850211
