1.850659,2.850262
1.850695,2.850254
1.850727,2.850244
1.850318,2.850226
1.850633,2.850267
0.172982,0.870181
1.850691,2.850255
1.850626,2.850268
1.850764,2.850231
1.850677,2.850259
1.850668,2.850261
1.850493,2.850271
1.850617,2.850269
1.850729,2.850244
1.850659,2.850262
1.850735,2.850242
1.850659,2.850262
1.849865,2.849848
1.850695,2.850254
1.850617,2.850269
1.850695,2.850254
1.850695,2.850254
1.850345,2.850236
1.850208,2.850168
1.640983,2.575575
1.850490,2.850271
1.850670,2.850260
1.850668,2.850261
1.850387,2.850250
1.850617,2.850269
1.850682,2.850257
1.850491,2.850271
1.850617,2.850269
1.850695,2.850254
1.850719,2.850247
1.850465,2.850268
1.850319,2.850226
1.850348,2.850237
1.850728,2.850244
1.850632,2.850267
1.850490,2.850271
1.850698,2.850253
1.850719,2.850247
1.850659,2.850262
1.850676,2.850259
1.850738,2.850240
1.850730,2.850243
1.850696,2.850254
1.640976,2.575476
1.850687,2.850256
1.850669,2.850260
1.850617,2.850269
1.850695,2.850254
1.850625,2.850268
1.850713,2.850249
1.850695,2.850254
1.847433,2.841427
1.850709,2.850250
1.850728,2.850244
0.172973,0.870154
1.850626,2.850268
1.850728,2.850244
1.850738,2.850240
1.850305,2.850220
1.850727,2.850244
1.850670,2.850260
1.850732,2.850243
1.850691,2.850255
1.847382,2.841137
1.850617,2.850269
1.850755,2.850235
1.850684,2.850257
1.850695,2.850254
1.850615,2.850270
1.850612,2.850270
1.850733,2.850242
1.850728,2.850244
1.850625,2.850268
1.850464,2.850267
1.850684,2.850257
1.850669,2.850260
1.850699,2.850253
1.850695,2.850254
1.850728,2.850244
1.850464,2.850267
1.850301,2.850218
1.850632,2.850267
1.850695,2.850254
1.850695,2.850254
1.850617,2.850269
1.850668,2.850260
1.850684,2.850257
1.849071,2.848284
1.850617,2.850269
1.850627,2.850268
1.850797,2.850217
1.850670,2.850260
1.850659,2.850262
1.850695,2.850254
1.850617,2.850269
1.850695,2.850254
1.850695,2.850254
1.850617,2.850269
1.850659,2.850262
1.850706,2.850251
1.850387,2.850250
1.850345,2.850236
1.850695,2.850254
1.850728,2.850244
1.850695,2.850254
1.850695,2.850254
1.850695,2.850254
1.850728,2.850244
1.011632,1.361514
1.850618,2.850269
1.850694,2.850254
1.850695,2.850254
1.850617,2.850269
1.850697,2.850253
1.903043,0.818325
1.850727,2.850244
1.849646,2.849532
1.850728,2.850244
1.850727,2.850244
1.876884,2.246311
1.850684,2.850257
1.850694,2.850254
1.850695,2.850254
1.850715,2.850248
1.850684,2.850257
1.848697,2.847149
1.850696,2.850254
1.850633,2.850267
1.850695,2.850254
1.850617,2.850269
1.850464,2.850267
1.850730,2.850243
1.850695,2.850254
1.850720,2.850247
1.850626,2.850268
1.850728,2.850244
1.850643,2.850265
1.850684,2.850257
1.850668,2.850260
1.850695,2.850254
1.850656,2.850263
1.850632,2.850267
1.850728,2.850244
1.011798,1.366487
1.850617,2.850269
1.850811,2.850210
1.850285,2.850211
1.850464,2.850267
1.850617,2.850269
1.850728,2.850244
1.745826,-0.730838
1.850732,2.850243
1.850728,2.850244
1.850720,2.850246
1.876687,2.254849
1.850617,2.850269
1.850670,2.850260
1.850727,2.850244
1.849798,2.849761
1.850695,2.850254
1.850695,2.850254
1.850614,2.850270
1.850349,2.850238
1.850632,2.850267
1.850274,2.850206
1.850464,2.850267
1.850728,2.850244
1.850693,2.850255
1.850616,2.850269
1.850729,2.850244
1.850617,2.850269
1.745837,-0.730927
1.850695,2.850254
1.850684,2.850257
1.850320,2.850226
1.850733,2.850242
1.850664,2.850261
1.850695,2.850254
1.850464,2.850267
1.850617,2.850269
1.850695,2.850254
1.850627,2.850268
1.850616,2.850270
1.850617,2.850269
1.850709,2.850250
1.850728,2.850244
1.850684,2.850257
1.850633,2.850267
1.850694,2.850254
1.850728,2.850244
1.850617,2.850269
1.850728,2.850244
1.850727,2.850244
1.850490,2.850271
1.850698,2.850253
1.850728,2.850244
1.850695,2.850254
1.850695,2.850254
1.850695,2.850254
1.850682,2.850257
1.850697,2.850253
1.850617,2.850269
1.850684,2.850257
1.850668,2.850260
1.850695,2.850254
1.850626,2.850268
0.172987,0.870194
1.850684,2.850257
1.850684,2.850257
1.850633,2.850267
1.850626,2.850268
1.850633,2.850267
1.745870,-0.731197
1.850684,2.850257
1.850728,2.850244
1.850617,2.850269
1.850493,2.850271
1.850727,2.850244
1.850710,2.850250
1.850697,2.850253
1.850657,2.850263
1.850617,2.850269
1.850728,2.850244
1.850665,2.850261
1.849913,2.849907
1.850669,2.850260
1.850761,2.850232
1.850617,2.850269
1.850617,2.850269
1.850467,2.850268
1.850727,2.850244
1.850687,2.850256
1.850729,2.850244
1.850249,2.850192
1.850617,2.850269
1.850345,2.850236
1.850728,2.850244
1.850617,2.850269
1.850728,2.850244
1.850727,2.850244
1.850695,2.850254
1.850288,2.850212
1.850632,2.850267
1.850617,2.850269
1.850695,2.850254
1.850617,2.850269
1.850700,2.850252
1.850684,2.850257
1.850632,2.850267
1.850728,2.850244
1.850632,2.850267
1.850682,2.850257
1.850695,2.850254
1.850626,2.850268
1.850668,2.850260
1.850205,2.850167
1.850758,2.850233
1.745632,-0.729224
1.850695,2.850254
1.850709,2.850250
1.850728,2.850244
1.850322,2.850227
1.850617,2.850269
1.850656,2.850263
1.850684,2.850257
1.850496,2.850271
1.850666,2.850261
1.850695,2.850254
1.850464,2.850267
1.850695,2.850254
1.850617,2.850269
1.850684,2.850257
1.850464,2.850267
1.850715,2.850248
1.850617,2.850269
1.850643,2.850265
1.850684,2.850257
1.745801,-0.730634
1.850345,2.850236
1.850626,2.850268
1.850728,2.850244
1.850670,2.850260
1.850695,2.850254
1.850709,2.850250
1.850617,2.850269
1.850670,2.850260
1.850695,2.850254
1.850704,2.850251
1.850659,2.850262
1.850617,2.850269
1.850728,2.850244
1.850617,2.850269
1.850617,2.850269
1.850617,2.850269
1.850684,2.850257
