1.850547,2.850274
1.850547,2.850274
1.850547,2.850274
1.850547,2.850274
1.850547,2.850274
1.850547,2.850274
1.850547,2.850274
1.850547,2.850274
1.850547,2.850274
1.850547,2.850274
1.850547,2.850274
1.850547,2.850274
1.850547,2.850274
1.850547,2.850274
1.850547,2.850274
1.850547,2.850274
1.850547,2.850274
1.850547,2.850274
1.850547,2.850274
1.850547,2.850274
1.850547,2.850274
1.850547,2.850274
1.850547,2.850274
1.850547,2.850274
1.850547,2.850274
1.850547,2.850274
1.850547,2.850274
1.850547,2.850274
1.850547,2.850274
1.850547,2.850274
1.850547,2.850274
1.850547,2.850274
1.850547,2.850274
1.850547,2.850274
1.850547,2.850274
1.850547,2.850274
1.850547,2.850274
1.850547,2.850274
1.850547,2.850274
1.850547,2.850274
1.850547,2.850274
1.850547,2.850274
1.857100,2.811090
1.850547,2.850274
1.850547,2.850274
1.850547,2.850274
1.849728,2.849660
1.837440,2.696242
1.850547,2.850274
1.850547,2.850274
1.837440,2.696242
1.848909,2.847822
1.850547,2.850274
1.850547,2.850274
1.850547,2.850274
1.847270,2.840482
1.850547,2.850274
1.850547,2.850274
1.850547,2.850274
1.850496,2.850271
0.998579,0.955439
1.850547,2.850274
1.850547,2.850274
1.850547,2.850274
1.837440,2.696242
1.850547,2.850274
1.850547,2.850274
1.850547,2.850274
1.850547,2.850274
1.850547,2.850274
1.850547,2.850274
1.850547,2.850274
1.850547,2.850274
1.850547,2.850274
1.850547,2.850274
1.849626,2.849497
1.850547,2.850274
1.902976,0.822349
1.850547,2.850274
1.850547,2.850274
1.850547,2.850274
1.850547,2.850274
1.850547,2.850274
1.850547,2.850274
1.850547,2.850274
1.850547,2.850274
1.850547,2.850274
1.850547,2.850274
1.850547,2.850274
1.850547,2.850274
1.850547,2.850274
1.850547,2.850274
1.850547,2.850274
1.850547,2.850274
1.850547,2.850274
1.850547,2.850274
1.850547,2.850274
1.850547,2.850274
1.850547,2.850274
1.850547,2.850274
1.850546,2.850274
1.876762,2.251638
1.850547,2.850274
1.850547,2.850274
1.850547,2.850274
1.850547,2.850274
1.850547,2.850274
1.850547,2.850274
1.850547,2.850274
1.850547,2.850274
1.850547,2.850274
1.850547,2.850274
1.850547,2.850274
1.850547,2.850274
1.850547,2.850274
1.850547,2.850274
1.850547,2.850274
1.850547,2.850274
1.850547,2.850274
1.850547,2.850274
1.850547,2.850274
1.850560,2.850274
1.850547,2.850274
1.850547,2.850274
0.172826,0.869737
1.850547,2.850274
1.850547,2.850274
1.850547,2.850274
1.850547,2.850274
1.850547,2.850274
1.850547,2.850274
1.850547,2.850274
1.902976,0.822349
1.850547,2.850274
1.850547,2.850274
1.850547,2.850274
1.850547,2.850274
1.850547,2.850274
1.849728,2.849660
1.850547,2.850274
1.850547,2.850274
1.850547,2.850274
1.850547,2.850274
1.850547,2.850274
1.850547,2.850274
1.850547,2.850274
1.850547,2.850274
1.850547,2.850274
1.850547,2.850274
1.850547,2.850274
1.850547,2.850274
1.850547,2.850274
1.850547,2.850274
1.850547,2.850274
1.850547,2.850274
1.850547,2.850274
1.850547,2.850274
1.850547,2.850274
1.850547,2.850274
1.850547,2.850274
1.850547,2.850274
1.850547,2.850274
1.850547,2.850274
1.848909,2.847822
1.850547,2.850274
1.850547,2.850274
1.850547,2.850274
1.850547,2.850274
1.850547,2.850274
1.850547,2.850274
1.850547,2.850274
1.850547,2.850274
1.847270,2.840482
1.850547,2.850274
1.850547,2.850274
1.850547,2.850274
1.850547,2.850274
1.850547,2.850274
1.850547,2.850274
1.850547,2.850274
1.850547,2.850274
1.850547,2.850274
1.850547,2.850274
1.850547,2.850274
1.850547,2.850274
1.850547,2.850274
1.850547,2.850274
1.850547,2.850274
1.850547,2.850274
1.850547,2.850274
1.850547,2.850274
1.850547,2.850274
1.850445,2.850264
1.850547,2.850274
1.850547,2.850274
1.850547,2.850274
1.850547,2.850274
1.850547,2.850274
1.849728,2.849660
1.850547,2.850274
1.850522,2.850273
1.850547,2.850274
1.850547,2.850274
1.850547,2.850274
1.850547,2.850274
1.850547,2.850274
1.850547,2.850274
1.850547,2.850274
1.850547,2.850274
1.850547,2.850274
1.850547,2.850274
1.850547,2.850274
1.850547,2.850274
1.850547,2.850274
1.850547,2.850274
1.850547,2.850274
1.850547,2.850274
1.837440,2.696238
1.640832,2.573241
1.850547,2.850274
1.850547,2.850274
1.850547,2.850274
1.850547,2.850274
1.850547,2.850274
1.850547,2.850274
1.850547,2.850274
1.850547,2.850274
1.850547,2.850274
1.850547,2.850274
1.850547,2.850274
1.850547,2.850274
1.850547,2.850274
1.850547,2.850274
1.850547,2.850274
1.850547,2.850274
1.850547,2.850274
1.850547,2.850274
1.850522,2.850273
1.011680,1.362946
1.850547,2.850274
1.850547,2.850274
1.850547,2.850274
1.850547,2.850274
1.850547,2.850274
1.850547,2.850274
1.850547,2.850274
1.850547,2.850274
1.850547,2.850274
1.850547,2.850274
1.850547,2.850274
1.850547,2.850274
1.850547,2.850274
1.850547,2.850274
1.850547,2.850274
1.850547,2.850274
1.850547,2.850274
1.850547,2.850274
1.850547,2.850274
1.850138,2.850120
1.850547,2.850274
1.850547,2.850274
1.850547,2.850274
1.850547,2.850274
1.850547,2.850274
1.850547,2.850274
1.850547,2.850274
1.798118,0.893766
1.850547,2.850274
1.850547,2.850274
1.850547,2.850274
1.850547,2.850274
1.850547,2.850274
1.850547,2.850274
1.850547,2.850274
1.850547,2.850274
1.850547,2.850274
1.850544,2.850274
1.850547,2.850274
1.850547,2.850274
1.850547,2.850274
1.850547,2.850274
1.902976,0.822349
1.848883,2.847745
1.850547,2.850274
1.850547,2.850274
1.850547,2.850274
1.850547,2.850274
1.850547,2.850274
1.850547,2.850274
1.850547,2.850274
1.850547,2.850274
1.850598,2.850271
1.850445,2.850264
1.745690,-0.729708
1.902976,0.822349
1.850547,2.850274
1.848909,2.847822
1.850547,2.850274
1.850547,2.850274
1.745690,-0.729708
