1.850547,2.850274
1.850547,2.850274
1.850547,2.850274
1.850547,2.850274
1.850540,2.850274
1.850547,2.850274
1.850547,2.850274
1.850547,2.850274
1.850547,2.850274
1.850547,2.850274
1.850547,2.850274
1.850547,2.850274
1.850547,2.850274
1.850547,2.850274
1.850545,2.850274
1.850547,2.850274
1.850541,2.850274
1.850547,2.850274
1.850547,2.850274
1.850547,2.850274
1.850547,2.850274
1.745690,-0.729708
1.850547,2.850274
1.850547,2.850274
1.850547,2.850274
1.850547,2.850274
1.850547,2.850274
1.850541,2.850274
1.850547,2.850274
1.667046,2.433661
1.850547,2.850274
1.850547,2.850274
1.850547,2.850274
1.850547,2.850274
1.850547,2.850274
1.850547,2.850274
1.850547,2.850274
1.850547,2.850274
1.850547,2.850274
1.850547,2.850274
1.850547,2.850274
1.850547,2.850274
1.850547,2.850274
1.850547,2.850274
1.850547,2.850274
1.850547,2.850274
1.850547,2.850274
1.850547,2.850274
1.850547,2.850274
1.011686,1.363138
1.850547,2.850274
1.850547,2.850274
1.850547,2.850274
1.848909,2.847822
1.850547,2.850274
1.850547,2.850274
1.850547,2.850274
1.850547,2.850274
1.850547,2.850274
1.850547,2.850274
1.850547,2.850274
1.850547,2.850274
1.850444,2.850264
1.902975,0.822396
1.850547,2.850274
1.850547,2.850274
1.850546,2.850274
1.850547,2.850274
1.850547,2.850274
1.850547,2.850274
1.850547,2.850274
1.850547,2.850274
1.850547,2.850274
1.857101,2.811085
1.850547,2.850274
1.850547,2.850274
1.849728,2.849660
1.850547,2.850274
1.850547,2.850274
1.850547,2.850274
1.850547,2.850274
1.850547,2.850274
1.850547,2.850274
1.850547,2.850274
1.850547,2.850274
1.850547,2.850274
1.857101,2.811085
1.850547,2.850274
1.745689,-0.729701
1.850547,2.850274
1.850547,2.850274
1.850547,2.850274
1.850547,2.850274
1.850547,2.850274
1.850547,2.850274
1.850547,2.850274
1.850547,2.850274
1.850547,2.850274
1.850547,2.850274
1.850547,2.850274
1.850547,2.850274
1.850547,2.850274
1.850547,2.850274
1.850547,2.850274
1.857101,2.811085
1.850547,2.850274
1.850547,2.850274
1.850547,2.850274
1.850547,2.850274
1.850547,2.850274
1.850547,2.850274
1.850547,2.850274
1.850547,2.850274
1.850547,2.850274
1.850547,2.850274
1.850547,2.850274
1.850547,2.850274
1.850547,2.850274
1.850547,2.850274
1.850547,2.850274
1.850547,2.850274
1.850547,2.850274
1.745690,-0.729708
1.850547,2.850274
1.850547,2.850274
1.850547,2.850274
1.850547,2.850274
1.850547,2.850274
1.850547,2.850274
1.850547,2.850274
1.850547,2.850274
1.850547,2.850274
1.850547,2.850274
1.850547,2.850274
1.850547,2.850274
1.850137,2.850120
1.850547,2.850274
1.850547,2.850274
1.850547,2.850274
1.850547,2.850274
1.850547,2.850274
1.850547,2.850274
1.850547,2.850274
1.850547,2.850274
1.850547,2.850274
1.850547,2.850274
1.850547,2.850274
1.850547,2.850274
1.850547,2.850274
1.850547,2.850274
1.850547,2.850274
1.850547,2.850274
1.850547,2.850274
1.850547,2.850274
1.850547,2.850274
1.850547,2.850274
1.850547,2.850274
1.850547,2.850274
1.850547,2.850274
1.850547,2.850274
1.857101,2.811085
1.850547,2.850274
1.850547,2.850274
1.850547,2.850274
1.850547,2.850274
1.850547,2.850274
1.850547,2.850274
1.850544,2.850274
1.850547,2.850274
1.850547,2.850274
1.850547,2.850274
1.850547,2.850274
1.850547,2.850274
1.850547,2.850274
1.850547,2.850274
1.850547,2.850274
1.850522,2.850273
1.850547,2.850274
1.850547,2.850274
1.850547,2.850274
1.850547,2.850274
1.850547,2.850274
1.850547,2.850274
1.850547,2.850274
1.850547,2.850274
1.850547,2.850274
1.850547,2.850274
1.850547,2.850274
1.850547,2.850274
1.850547,2.850274
1.850547,2.850274
1.850547,2.850274
1.850547,2.850274
1.850547,2.850274
1.850547,2.850274
1.850547,2.850274
1.011686,1.363138
1.850547,2.850274
1.847270,2.840482
1.850547,2.850274
1.850547,2.850274
1.850547,2.850274
1.850547,2.850274
1.850547,2.850274
1.850547,2.850274
1.850547,2.850274
1.850547,2.850274
1.850547,2.850274
1.850547,2.850274
1.850547,2.850274
1.850547,2.850274
1.850547,2.850274
1.850547,2.850274
1.850547,2.850274
1.850547,2.850274
1.850544,2.850274
1.850547,2.850274
1.850547,2.850274
1.850547,2.850274
1.850547,2.850274
1.850547,2.850274
1.850522,2.850273
1.850547,2.850274
1.850547,2.850274
1.850547,2.850274
1.011686,1.363138
1.850547,2.850274
1.850547,2.850274
1.850541,2.850274
1.850547,2.850274
1.850547,2.850274
1.850547,2.850274
1.640832,2.573241
1.850547,2.850274
1.850547,2.850274
1.850547,2.850274
1.850547,2.850274
1.850547,2.850274
1.850547,2.850274
1.850547,2.850274
1.850547,2.850274
1.850547,2.850274
1.850547,2.850274
1.850547,2.850274
1.876762,2.251638
1.850547,2.850274
1.850547,2.850274
1.850547,2.850274
1.850547,2.850274
1.850547,2.850274
1.850547,2.850274
1.850547,2.850274
1.850547,2.850274
1.850547,2.850274
1.850547,2.850274
1.850547,2.850274
1.850547,2.850274
1.850547,2.850274
1.850547,2.850274
1.850547,2.850274
1.850547,2.850274
1.850547,2.850274
1.744870,-0.722262
1.850547,2.850274
1.850547,2.850274
1.850547,2.850274
1.850547,2.850274
1.850547,2.850274
1.850547,2.850274
1.850752,2.850236
1.850547,2.850274
1.850547,2.850274
1.850547,2.850274
1.850547,2.850274
1.850547,2.850274
1.850547,2.850274
1.850547,2.850274
1.850547,2.850274
1.640832,2.573241
1.850547,2.850274
1.850547,2.850274
1.876762,2.251638
1.850547,2.850274
1.850547,2.850274
1.850547,2.850274
1.850547,2.850274
1.850547,2.850274
1.850547,2.850274
1.850547,2.850274
1.850547,2.850274
1.850547,2.850274
1.850547,2.850274
1.850547,2.850274
1.850547,2.850274
1.876762,2.251638
1.850547,2.850274
1.850545,2.850274
1.850547,2.850274
1.850547,2.850274
1.850547,2.850274
