1.850083,2.850077
1.850617,2.850269
1.850493,2.850271
1.850490,2.850271
1.850617,2.850269
1.850490,2.850271
1.850617,2.850269
1.850617,2.850269
1.850464,2.850267
1.850614,2.850270
1.850493,2.850271
1.850612,2.850270
1.850494,2.850271
1.850617,2.850269
1.850659,2.850262
1.850626,2.850268
1.011756,1.365242
1.850626,2.850268
1.850612,2.850270
1.850617,2.850269
1.850620,2.850269
1.850496,2.850271
1.847336,2.840869
1.850612,2.850270
1.850625,2.850268
1.850616,2.850269
1.850614,2.850270
1.850616,2.850270
1.850617,2.850269
1.850617,2.850269
1.850613,2.850270
1.850617,2.850269
1.850617,2.850269
1.850616,2.850269
1.850612,2.850270
1.850612,2.850270
1.850714,2.850248
1.837399,2.695286
1.850617,2.850269
1.850612,2.850270
1.850494,2.850271
1.850617,2.850269
1.850617,2.850269
1.837509,2.697838
1.850473,2.850269
1.850621,2.850269
1.850494,2.850271
1.850627,2.850268
1.850617,2.850269
1.850617,2.850269
1.850617,2.850269
1.857171,2.810244
1.850668,2.850261
1.850627,2.850268
1.850617,2.850269
1.850617,2.850269
1.850614,2.850270
1.850490,2.850271
1.850617,2.850269
1.850617,2.850269
1.850617,2.850269
1.850616,2.850269
1.850479,2.850269
1.850613,2.850270
1.850505,2.850272
1.850632,2.850267
1.850612,2.850270
1.850491,2.850271
1.850490,2.850271
1.850617,2.850269
1.850613,2.850270
1.850616,2.850269
1.850479,2.850269
1.850615,2.850270
1.857171,2.810244
1.850615,2.850270
1.850754,2.850235
1.850496,2.850271
1.850614,2.850270
1.850479,2.850269
1.850627,2.850268
1.850617,2.850269
1.850490,2.850271
1.850491,2.850271
1.850491,2.850271
1.850611,2.850270
1.850491,2.850271
1.850615,2.850270
1.837510,2.697863
1.850491,2.850271
1.850632,2.850267
1.850617,2.850269
1.850479,2.850269
1.850493,2.850271
1.850617,2.850269
1.850632,2.850267
1.850617,2.850269
1.850632,2.850267
1.850496,2.850271
1.850490,2.850271
1.850617,2.850269
1.850612,2.850270
1.850617,2.850269
1.850617,2.850269
1.850506,2.850272
1.850616,2.850269
1.850617,2.850269
1.850493,2.850271
1.850617,2.850269
1.850496,2.850271
1.850627,2.850268
1.850496,2.850271
1.850617,2.850269
1.850617,2.850269
1.850617,2.850269
1.850491,2.850271
1.850617,2.850269
1.850505,2.850272
1.876693,2.254586
1.850613,2.850270
1.011629,1.361418
1.850617,2.850269
1.850490,2.850271
1.850617,2.850269
1.857179,2.810146
1.850617,2.850269
1.850464,2.850267
1.850617,2.850269
1.850613,2.850270
1.850667,2.850261
1.850617,2.850269
1.850617,2.850269
1.850617,2.850269
1.850617,2.850269
1.849793,2.849754
1.850494,2.850271
1.850616,2.850269
1.850617,2.850269
1.850612,2.850270
1.850490,2.850271
1.850615,2.850270
1.850617,2.850269
1.837509,2.697836
1.850616,2.850269
1.850617,2.850269
1.837510,2.697863
1.850490,2.850271
1.850626,2.850268
1.850614,2.850270
1.850616,2.850269
1.850627,2.850268
1.850627,2.850268
1.850617,2.850269
1.850617,2.850269
1.850616,2.850270
1.850617,2.850269
1.850617,2.850269
1.850617,2.850269
1.850208,2.850168
1.850616,2.850270
1.850632,2.850267
1.850490,2.850271
1.850616,2.850269
1.850617,2.850269
1.850698,2.850253
1.850409,2.850256
1.850617,2.850269
1.850617,2.850269
1.850496,2.850271
1.850613,2.850270
1.850493,2.850271
1.850617,2.850269
1.850613,2.850270
1.850490,2.850271
1.850612,2.850270
1.850617,2.850269
1.850491,2.850271
1.850493,2.850271
1.850612,2.850270
1.850490,2.850271
1.850625,2.850268
1.850617,2.850269
1.850490,2.850271
1.903046,0.818158
1.850616,2.850270
1.850612,2.850270
1.850617,2.850269
1.850615,2.850270
1.850617,2.850269
1.850612,2.850270
1.850465,2.850267
1.850491,2.850271
1.850617,2.850269
1.850614,2.850270
1.850616,2.850270
1.850616,2.850270
1.850626,2.850268
1.850617,2.850269
1.850617,2.850269
1.850615,2.850270
1.850616,2.850269
1.850493,2.850271
1.850643,2.850265
1.850632,2.850267
1.850490,2.850271
1.850617,2.850269
1.850616,2.850269
1.850491,2.850271
1.850490,2.850271
1.850617,2.850269
1.850684,2.850257
1.850615,2.850270
1.850684,2.850257
1.850617,2.850269
1.850643,2.850265
1.837570,2.699245
1.850490,2.850271
1.850617,2.850269
1.850617,2.850269
1.850493,2.850271
1.850617,2.850269
1.850493,2.850271
1.850490,2.850271
1.850612,2.850270
1.850620,2.850269
1.850484,2.850270
1.850615,2.850270
1.850668,2.850260
1.850617,2.850269
1.850616,2.850270
1.850506,2.850272
1.850718,2.850247
1.850617,2.850269
1.850626,2.850268
1.850617,2.850269
1.850617,2.850269
1.850617,2.850269
1.857171,2.810247
1.850616,2.850269
1.850479,2.850269
1.903041,0.818450
1.850612,2.850270
1.850616,2.850270
1.850617,2.850269
1.850617,2.850269
1.850625,2.850268
1.850617,2.850269
1.850491,2.850271
1.850496,2.850271
1.850612,2.850270
1.850617,2.850269
1.850682,2.850257
1.850624,2.850268
1.850489,2.850271
1.837510,2.697854
1.850612,2.850270
1.850617,2.850269
1.850617,2.850269
0.172890,0.869918
1.850598,2.850271
1.850464,2.850267
0.172921,0.870008
1.850617,2.850269
1.850614,2.850270
1.850617,2.850269
1.850464,2.850267
1.850412,2.850257
1.850696,2.850254
1.850204,2.850166
1.850616,2.850269
1.850493,2.850271
1.850617,2.850269
1.850617,2.850269
1.857171,2.810242
1.850494,2.850271
1.849792,2.849753
1.850464,2.850267
1.850617,2.850269
1.850465,2.850267
1.850617,2.850269
1.850479,2.850269
1.876828,2.248779
1.850617,2.850269
1.850617,2.850269
1.850617,2.850269
1.850729,2.850244
1.850614,2.850270
1.850493,2.850271
1.850617,2.850269
1.850664,2.850261
1.850617,2.850269
1.850626,2.850268
1.850202,2.850165
1.850617,2.850269
1.850617,2.850269
1.850490,2.850271
1.850700,2.850252
1.850412,2.850257
1.850612,2.850270
1.850496,2.850271
