1.850616,2.850270
1.850612,2.850270
1.850491,2.850271
1.850494,2.850271
1.850598,2.850271
1.850611,2.850270
1.850493,2.850271
1.850506,2.850272
1.850496,2.850271
0.172774,0.869592
1.850595,2.850272
1.850496,2.850271
1.850494,2.850271
1.850504,2.850272
1.850491,2.850271
1.850496,2.850271
1.850499,2.850272
1.850493,2.850271
1.850505,2.850272
1.850496,2.850271
1.850506,2.850272
1.837383,2.694915
1.850496,2.850271
1.850494,2.850271
1.850496,2.850271
1.850496,2.850271
1.847219,2.840172
1.850506,2.850272
1.850496,2.850271
1.850496,2.850271
1.850494,2.850271
1.850490,2.850271
1.850496,2.850271
1.850598,2.850271
1.847321,2.840783
1.850504,2.850272
1.876710,2.253864
1.850490,2.850271
1.850506,2.850272
1.850496,2.850271
1.850504,2.850272
1.850496,2.850271
1.850496,2.850271
1.850493,2.850271
1.850493,2.850271
1.850491,2.850271
1.850505,2.850272
1.850084,2.850077
1.850493,2.850271
1.850493,2.850271
1.850496,2.850271
1.850493,2.850271
1.011644,1.361862
1.850490,2.850271
1.850496,2.850271
1.850494,2.850271
1.850490,2.850271
1.850491,2.850271
0.172768,0.869574
1.849676,2.849580
1.850496,2.850271
1.850506,2.850272
1.850505,2.850272
1.837383,2.694915
1.850496,2.850271
1.850496,2.850271
1.850494,2.850271
1.850496,2.850271
1.850506,2.850272
1.850493,2.850271
1.850504,2.850272
1.850493,2.850271
1.850487,2.850270
1.850496,2.850271
1.850617,2.850269
1.857356,2.807975
1.850492,2.850271
1.850490,2.850271
1.850493,2.850271
1.850493,2.850271
1.850700,2.850252
1.850505,2.850272
1.850612,2.850270
1.011633,1.361550
1.850493,2.850271
1.850506,2.850272
1.850490,2.850271
1.850491,2.850271
1.848854,2.847657
1.850086,2.850079
1.850496,2.850271
1.850598,2.850271
1.850612,2.850270
1.850496,2.850271
1.850494,2.850271
1.850505,2.850272
1.850494,2.850271
1.850506,2.850272
1.850506,2.850272
1.850496,2.850271
1.850491,2.850271
1.850505,2.850272
1.849674,2.849577
1.850503,2.850272
1.850496,2.850271
1.850505,2.850272
1.850504,2.850272
1.850598,2.850271
1.850493,2.850271
1.850504,2.850272
1.850595,2.850272
1.850496,2.850271
1.850495,2.850271
1.850496,2.850271
1.850506,2.850272
1.850493,2.850271
1.850488,2.850271
1.850494,2.850271
1.850493,2.850271
1.850494,2.850271
1.745633,-0.729227
1.850490,2.850271
1.902935,0.824811
1.850505,2.850272
1.850494,2.850271
1.850496,2.850271
1.850492,2.850271
1.850494,2.850271
1.850506,2.850272
1.850496,2.850271
1.850491,2.850271
1.850490,2.850271
1.850496,2.850271
1.850496,2.850271
1.850494,2.850271
1.850494,2.850271
1.850505,2.850272
1.850493,2.850271
1.837381,2.694867
1.850494,2.850271
1.850496,2.850271
1.850506,2.850272
1.850505,2.850272
1.850493,2.850271
1.850493,2.850271
1.850506,2.850272
1.850494,2.850271
1.850492,2.850271
1.850490,2.850271
1.850496,2.850271
1.850598,2.850271
1.850496,2.850271
1.850496,2.850271
1.850493,2.850271
1.850598,2.850271
1.850496,2.850271
1.850493,2.850271
1.850506,2.850272
1.850503,2.850272
1.850493,2.850271
1.850490,2.850271
1.850493,2.850271
1.850496,2.850271
1.850490,2.850271
1.850505,2.850272
1.850492,2.850271
1.850493,2.850271
1.011635,1.361592
1.850491,2.850271
1.850496,2.850271
1.850490,2.850271
1.850493,2.850271
1.850491,2.850271
1.850496,2.850271
1.850095,2.850087
1.850506,2.850272
1.850493,2.850271
1.850494,2.850271
1.850494,2.850271
1.850494,2.850271
1.850496,2.850271
1.850505,2.850272
1.850504,2.850272
1.847229,2.840235
1.850616,2.850270
1.850491,2.850271
1.850496,2.850271
1.850491,2.850271
1.850496,2.850271
1.850493,2.850271
1.876704,2.254141
1.850494,2.850271
1.850491,2.850271
1.850490,2.850271
1.850491,2.850271
1.850598,2.850271
1.850598,2.850271
1.850496,2.850271
1.850494,2.850271
1.850481,2.850270
1.837388,2.695038
1.850505,2.850272
1.850494,2.850271
1.850496,2.850271
1.850496,2.850271
1.850506,2.850272
1.850496,2.850271
1.850490,2.850271
1.850506,2.850272
1.850494,2.850271
1.850496,2.850271
1.850495,2.850271
1.850494,2.850271
1.850496,2.850271
1.850505,2.850272
1.850506,2.850272
1.902931,0.825002
1.850495,2.850271
1.850504,2.850272
1.850503,2.850272
1.850494,2.850271
1.850506,2.850272
1.850496,2.850271
1.850496,2.850271
1.850491,2.850271
1.850490,2.850271
1.850490,2.850271
1.850496,2.850271
1.850493,2.850271
1.850490,2.850271
1.850496,2.850271
1.850494,2.850271
1.850493,2.850271
1.850493,2.850271
1.902935,0.824787
1.850501,2.850272
1.850488,2.850271
1.850502,2.850272
1.011223,1.349185
1.850490,2.850271
1.850615,2.850270
1.850494,2.850271
1.850496,2.850271
1.850505,2.850272
1.850494,2.850271
1.850506,2.850272
1.850491,2.850271
1.850493,2.850271
1.850493,2.850271
1.850506,2.850272
1.640782,2.572462
1.850620,2.850269
1.850618,2.850269
1.850491,2.850271
1.850505,2.850272
1.850495,2.850271
1.850493,2.850271
1.850496,2.850271
1.850491,2.850271
1.850493,2.850271
1.850505,2.850272
1.850496,2.850271
1.850506,2.850272
1.850493,2.850271
1.850493,2.850271
1.850495,2.850271
1.850494,2.850271
1.857049,2.811697
1.850494,2.850271
1.850504,2.850272
1.850645,2.850265
1.850458,2.850266
1.850505,2.850272
1.850506,2.850272
1.850505,2.850272
1.850500,2.850272
1.850506,2.850272
1.850506,2.850272
1.850496,2.850271
1.850490,2.850271
1.850496,2.850271
1.850799,2.850216
1.850496,2.850271
1.850494,2.850271
1.850491,2.850271
1.850505,2.850272
1.850494,2.850271
1.850506,2.850272
1.850493,2.850271
1.902883,0.827864
1.850496,2.850271
1.850496,2.850271
1.850496,2.850271
1.850496,2.850271
1.850496,2.850271
1.850505,2.850272
1.850493,2.850271
1.848867,2.847697
1.850496,2.850271
1.011632,1.361514
