0.425127,1.301808
1.050032,2.050032
1.283666,1.630197
0.657435,1.639582
1.842730,2.794875
1.447335,2.442268
1.867218,2.600652
1.867218,2.600652
-0.872820,1.657957
0.625238,1.445400
-0.821067,1.504600
-0.269532,1.220361
1.037237,1.954963
0.837992,1.779066
0.794912,0.873483
1.870357,2.500743
-0.418979,1.235276
-0.625785,1.453277
0.462079,1.429204
0.647822,1.646305
0.123831,0.915713
0.873329,1.649084
0.020491,1.012299
1.660169,2.576175
0.632873,1.543448
-0.849761,1.849737
0.801663,1.041874
1.660169,2.576175
0.662627,1.611172
1.455693,2.432472
-0.452635,1.451085
1.426664,2.060129
-0.626322,1.460884
0.842274,1.817583
-0.613324,1.249301
1.052907,2.048520
1.337603,-0.237439
0.582807,0.700286
1.687440,1.648683
1.832022,2.547499
1.025568,1.738003
1.066580,1.925142
0.870904,1.689761
0.068297,1.057321
-0.199594,0.997456
1.626555,2.204933
1.654690,2.636762
-0.030602,1.025093
-0.676678,1.452610
1.884061,1.904488
1.464685,2.311566
0.020491,1.012299
1.871079,2.475606
-0.717025,0.634514
1.870355,2.500781
-0.872820,1.657957
1.072320,1.819326
1.437735,2.332321
1.870355,2.500781
-0.677473,1.440422
1.838676,2.723546
1.650846,2.650263
1.072272,1.820323
1.421661,1.894487
-0.194089,0.964163
1.838677,2.723558
0.032434,1.027619
-0.871679,1.677204
-0.676515,1.455069
1.421703,1.895967
0.682540,1.355887
0.851276,1.850592
1.001044,1.032820
-0.394056,0.926844
-0.611708,1.219954
1.233632,2.074091
1.658891,2.594595
0.021769,1.013754
0.842274,1.817583
1.204545,1.171408
1.408189,1.358312
-0.256061,1.251433
0.801632,1.041072
1.890850,1.536098
0.903343,0.905299
-0.634035,1.555941
0.671790,1.520439
0.443660,1.434890
0.632329,1.537363
1.670183,2.345537
-0.406055,1.076777
-0.448141,1.447376
1.455879,2.431120
0.850633,1.850465
-0.467994,1.395189
0.454973,1.449432
1.864429,2.676144
-0.701278,0.971858
-0.671811,1.520174
0.693895,1.132279
1.397852,0.905764
1.047707,2.044990
-0.654068,1.648733
0.841684,1.813125
0.458291,1.442833
0.073429,1.054421
-0.689254,1.228290
1.870356,2.500777
-0.850226,1.850204
1.201821,1.068724
1.464685,2.311568
1.863802,2.691324
0.454973,1.449432
-0.628695,1.493048
0.854639,1.845577
1.051290,2.050427
0.005697,1.001014
0.417725,1.220774
-0.647874,1.646429
1.590366,0.525992
1.241985,2.202817
1.283666,1.630197
-0.685523,1.301145
-0.212682,1.082515
0.852935,1.849312
0.850899,1.850560
0.870946,1.689092
0.835678,1.752507
1.867218,2.600640
1.660168,2.576181
1.233632,2.074091
1.896629,1.200454
1.126558,0.165387
1.626620,2.207231
-0.270899,1.214576
0.130237,0.894068
0.302816,0.973244
1.870188,2.506495
-0.691432,1.183873
-0.871095,1.686705
0.827499,1.629217
1.884061,1.904488
0.842274,1.817582
0.856689,1.837842
-0.822906,1.542376
1.870355,2.500781
-0.448141,1.447376
0.827496,1.629160
1.057359,2.029229
-0.821064,1.504544
1.057396,2.028979
1.866731,2.614747
1.917791,-0.016976
-0.876058,1.598534
-0.415250,1.191416
1.464684,2.311588
0.813419,1.332834
0.637033,1.584900
0.624419,1.433393
0.443643,1.434824
1.008133,1.254781
1.482840,1.761245
0.622151,1.398837
1.870370,2.500273
0.139999,0.866854
0.220503,1.132410
-0.079166,1.048194
0.268510,1.224377
1.057361,2.029212
0.637035,1.584916
0.068740,1.057167
-0.665706,1.586301
1.455634,2.432892
-0.695607,1.095703
0.632872,1.543443
-0.497745,1.035235
-0.448141,1.447376
0.156627,0.846755
-0.626328,1.460967
1.065889,1.935829
1.884061,1.904488
0.671795,1.520378
0.324424,0.774788
1.687843,1.629089
0.006366,1.001265
0.294554,1.050147
0.842274,1.817583
1.866766,2.613749
-0.072090,1.055416
0.671838,1.519837
-0.448120,1.447338
0.073408,1.054437
1.065890,1.935822
1.065883,1.935918
0.212429,1.080858
1.085815,1.468035
1.050651,2.050431
0.672667,1.509198
-0.856524,1.838596
-0.676676,1.452642
-0.822906,1.542372
1.850207,2.850168
0.443643,1.434824
-0.685515,1.301304
1.000249,1.007815
-0.863520,1.786788
1.292752,1.291814
0.814710,1.363254
-0.633069,1.545603
0.246956,1.245827
1.662952,2.527172
0.285033,1.129135
1.233875,2.078920
0.850656,1.850475
-0.872830,1.657800
0.813426,1.333010
1.850208,2.850168
0.632872,1.543443
1.057360,2.029220
0.498744,1.019678
-0.484637,1.224927
0.104696,0.984610
1.866983,2.607510
-0.671935,1.518610
-0.685515,1.301304
1.019532,1.587072
0.815262,1.376083
1.649001,2.648188
1.234141,2.084107
0.854639,1.845577
0.851874,1.850398
1.657456,2.612199
0.848982,1.848547
1.905440,0.675920
0.291216,1.079348
0.206681,1.043061
1.072272,1.820325
1.657503,2.611673
0.275056,1.194149
-0.819952,1.480955
-0.849761,1.849737
1.283666,1.630197
0.073429,1.054421
0.693796,1.134380
1.557694,-0.512411
0.031110,1.025791
1.063747,1.966073
1.236277,2.123152
0.827961,1.637304
-0.826822,1.617143
1.657828,2.607952
0.396399,0.955253
-0.603834,1.072557
0.854638,1.845582
0.373397,0.723014
0.338798,0.681967
1.072282,1.820114
0.032400,1.027573
-0.628695,1.493048
1.884061,1.904488
0.850893,1.850558
0.286676,1.116529
1.423883,1.970883
0.484496,1.226763
1.867218,2.600652
1.799557,0.974962
0.020491,1.012299
0.458291,1.442833
-0.849761,1.849737
1.650846,2.650263
-0.575389,0.598143
1.457997,2.412229
1.019531,1.587037
1.650847,2.650263
0.856689,1.837842
-0.260882,1.245785
-0.671718,1.521338
-0.819952,1.480955
1.241985,2.202817
1.421693,1.895607
1.896629,1.200454
-0.425786,1.308421
1.234141,2.084107
-0.628695,1.493048
0.989510,0.679772
0.811796,1.294003
1.479992,1.870222
-0.260882,1.245785
-0.849762,1.849738
1.057362,2.029205
1.850208,2.850168
0.461957,1.429746
1.505670,0.733200
1.637278,2.508247
-0.257247,1.250609
-0.652721,1.650337
1.660169,2.576175
0.902785,0.921127
0.821779,1.519421
1.876072,2.281176
