1.870188,2.506495
1.057362,2.029205
-0.671650,1.522193
0.835395,1.748995
0.854230,1.846699
0.850893,1.850558
1.863802,2.691324
1.870188,2.506495
1.850207,2.850168
1.052907,2.048520
1.420637,1.857864
-0.659417,1.630770
1.911649,0.315917
0.402349,1.029666
1.884061,1.904488
1.866731,2.614747
1.867218,2.600640
1.870188,2.506495
1.658891,2.594595
1.047707,2.044990
1.863802,2.691324
1.050651,2.050431
1.283616,1.631918
1.864478,2.674912
1.657503,2.611673
1.426664,2.060129
1.650847,2.650263
1.866766,2.613749
1.455634,2.432892
-0.850226,1.850204
1.657456,2.612199
1.867218,2.600652
1.868753,2.553713
1.650810,2.650275
1.464685,2.311568
1.455879,2.431120
1.065890,1.935822
1.867218,2.600652
1.660169,2.576175
1.051290,2.050427
-0.849773,1.849751
0.852946,1.849295
1.660169,2.576175
1.660169,2.576175
1.065889,1.935829
1.482840,1.761245
1.657456,2.612199
1.626620,2.207231
1.660169,2.576175
1.850208,2.850168
1.657503,2.611673
1.870357,2.500743
0.851276,1.850592
1.072320,1.819326
1.896223,1.224463
0.811985,1.298556
1.660655,2.568483
1.860562,2.759068
-0.676518,1.455016
1.850208,2.850168
1.832022,2.547499
1.455634,2.432892
1.649011,2.648216
-0.439324,1.414846
1.658891,2.594595
-0.676676,1.452642
1.870356,2.500746
0.850899,1.850560
1.455701,2.432413
1.660167,2.576204
1.870188,2.506495
-0.849761,1.849737
1.865270,2.654736
1.648160,2.645406
1.065889,1.935829
1.832022,2.547499
1.660169,2.576175
1.072272,1.820323
0.842274,1.817583
1.897168,1.168556
1.650846,2.650263
1.233632,2.074091
1.884063,1.904375
1.057360,2.029219
1.861129,2.748539
0.857963,1.831254
1.838676,2.723546
1.004934,1.155135
1.660169,2.576175
1.660169,2.576175
1.687391,1.651052
1.850282,2.850209
1.660168,2.576181
0.852693,1.849643
1.058697,2.019426
0.847646,1.845328
0.806627,1.166716
-0.613974,1.260969
1.867218,2.600652
1.870356,2.500777
0.842274,1.817583
1.457997,2.412229
0.870946,1.689092
1.863802,2.691324
1.057362,2.029205
1.455634,2.432892
1.658530,2.599337
1.866766,2.613749
-0.654071,1.648728
1.870373,2.500170
0.623760,1.423557
1.844207,2.813755
0.841684,1.813125
0.851276,1.850592
1.884061,1.904488
1.660169,2.576175
1.464684,2.311572
1.626620,2.207203
1.063747,1.966073
1.850208,2.850168
1.864429,2.676144
1.455634,2.432892
1.867215,2.600731
0.632331,1.537394
-0.634035,1.555945
1.871079,2.475595
1.666822,2.439436
-0.646224,1.641684
1.057361,2.029211
1.296774,1.131216
1.866983,2.607510
1.867218,2.600652
0.811982,1.298488
0.837586,1.774695
1.866983,2.607510
0.172483,0.868782
1.657400,2.612810
-0.849706,1.849670
1.202487,1.093841
1.923559,-0.297219
1.072272,1.820325
1.072320,1.819326
1.832022,2.547499
-0.871095,1.686705
1.832502,2.562513
1.655176,2.633343
1.057771,2.026402
1.657502,2.611680
1.867708,2.586078
1.869881,2.516850
1.876072,2.281176
1.241985,2.202817
1.654690,2.636762
1.832022,2.547499
-0.849762,1.849738
1.867218,2.600640
-0.452633,1.451085
1.455691,2.432486
1.848022,2.844453
0.868281,1.728973
1.842730,2.794875
1.890850,1.536098
1.660169,2.576175
1.871079,2.475606
1.425434,2.021576
-0.639155,1.602418
1.654691,2.636754
0.657434,1.639586
1.879898,2.109830
0.638279,1.595490
1.057361,2.029212
0.852935,1.849312
-0.623602,1.421169
1.445152,2.428426
1.421661,1.894487
1.867218,2.600652
1.867543,2.591026
1.657503,2.611670
1.870043,2.511420
1.057709,2.026840
1.850208,2.850168
1.457997,2.412229
1.650846,2.650263
1.660168,2.576181
-0.676678,1.452613
1.838678,2.723586
1.233157,2.064513
1.868202,2.571000
1.670183,2.345537
1.670183,2.345537
1.867218,2.600652
1.050651,2.050431
0.857827,1.832025
-0.665703,1.586329
1.658891,2.594595
1.650847,2.650263
1.457910,2.413126
-0.628608,1.491917
1.455627,2.432940
1.658898,2.594504
1.236277,2.123152
-0.872830,1.657800
1.870355,2.500781
1.051290,2.050427
1.057360,2.029220
-0.620360,1.370296
1.850208,2.850168
0.662627,1.611172
1.863815,2.691023
1.866983,2.607507
1.670183,2.345537
1.670183,2.345537
1.843313,2.802788
1.450925,2.450312
1.650846,2.650263
1.455634,2.432892
1.871079,2.475606
0.854638,1.845582
1.876072,2.281176
1.660169,2.576175
1.687441,1.648649
0.813418,1.332818
0.458291,1.442833
1.658891,2.594595
1.545988,-0.533726
1.650847,2.650263
1.657503,2.611673
1.626620,2.207231
1.870355,2.500781
0.842274,1.817583
1.654690,2.636762
1.650846,2.650263
1.052907,2.048520
1.870355,2.500781
1.065889,1.935832
-0.628669,1.492711
1.483178,1.747856
1.650846,2.650263
1.870370,2.500273
1.863634,2.695269
0.458291,1.442833
0.850633,1.850465
1.876072,2.281176
1.876072,2.281176
0.841696,1.813219
1.863790,2.691609
0.856687,1.837854
1.654692,2.636745
1.666821,2.439449
-0.856414,1.839085
1.627559,2.239580
1.446331,2.436732
1.050032,2.050032
1.063747,1.966073
1.657828,2.607952
-0.849761,1.849737
1.650900,2.650240
1.657401,2.612806
-0.858992,1.824947
1.424129,1.979069
-0.670488,1.536327
1.224331,1.847359
1.660153,2.576415
1.850223,2.850177
1.057361,2.029212
1.867218,2.600640
1.870356,2.500777
1.234141,2.084107
1.657456,2.612199
1.866731,2.614747
1.045325,2.034071
1.873461,2.387229
1.876076,2.280998
1.650843,2.650264
1.867218,2.600652
1.455879,2.431120
1.654690,2.636762
-0.876058,1.598534
0.851264,1.850593
0.850905,1.850561
1.839365,2.737654
1.868370,2.565789
1.866766,2.613749
1.867218,2.600652
1.421661,1.894487
-0.671935,1.518610
1.510425,0.514102
1.870357,2.500736
1.457944,2.412778
-0.821063,1.504508
1.866731,2.614747
1.050651,2.050431
1.050651,2.050431
1.649001,2.648188
-0.863520,1.786788
1.867218,2.600652
1.850208,2.850168
1.437735,2.332321
1.832020,2.547455
1.626556,2.204982
