1.850547,2.850274
1.850547,2.850274
1.850547,2.850274
1.850547,2.850274
1.850547,2.850274
1.850547,2.850274
1.850547,2.850274
1.850547,2.850274
1.850547,2.850274
1.850547,2.850274
1.850547,2.850274
1.850547,2.850274
1.850547,2.850274
1.850547,2.850274
1.850547,2.850274
1.850547,2.850274
1.850547,2.850274
1.850547,2.850274
1.850547,2.850274
1.850547,2.850274
1.850547,2.850274
1.850547,2.850274
1.850547,2.850274
1.850547,2.850274
1.902976,0.822349
1.850541,2.850274
1.850547,2.850274
1.850547,2.850274
1.850547,2.850274
1.850547,2.850274
1.850547,2.850274
1.850547,2.850274
1.850547,2.850274
1.850547,2.850274
1.850547,2.850274
1.850547,2.850274
1.850547,2.850274
1.850547,2.850274
1.850445,2.850264
1.850547,2.850274
1.850547,2.850274
1.850547,2.850274
1.850547,2.850274
1.850547,2.850274
1.850547,2.850274
1.850547,2.850274
1.850547,2.850274
1.850547,2.850274
1.850547,2.850274
1.850547,2.850274
1.850547,2.850274
1.850547,2.850274
1.850547,2.850274
1.850547,2.850274
1.850547,2.850274
1.850547,2.850274
1.850547,2.850274
1.850547,2.850274
1.850547,2.850274
1.850547,2.850274
1.850547,2.850274
1.850547,2.850274
1.850547,2.850274
1.850547,2.850274
1.850547,2.850274
1.850445,2.850264
1.850547,2.850274
1.850547,2.850274
1.850547,2.850274
1.850547,2.850274
0.172826,0.869737
1.850138,2.850120
1.850547,2.850274
1.850547,2.850274
1.850547,2.850274
1.850547,2.850274
1.850547,2.850274
1.850547,2.850274
1.850547,2.850274
1.850547,2.850274
1.850547,2.850274
1.850560,2.850274
1.850547,2.850274
1.850547,2.850274
1.850547,2.850274
1.850547,2.850274
1.850547,2.850274
1.744051,-0.713682
1.850522,2.850273
1.850547,2.850274
1.850547,2.850274
1.850547,2.850274
1.850522,2.850273
1.850547,2.850274
1.850547,2.850274
0.172826,0.869737
1.850547,2.850274
1.850547,2.850274
1.850547,2.850274
1.850547,2.850274
1.850547,2.850274
1.850547,2.850274
1.850547,2.850274
1.850547,2.850274
1.850547,2.850274
1.850547,2.850274
1.850547,2.850274
1.850547,2.850274
1.850547,2.850274
1.850547,2.850274
1.850547,2.850274
1.011686,1.363138
1.850547,2.850274
1.850547,2.850274
1.850547,2.850274
1.850547,2.850274
1.850547,2.850274
1.850547,2.850274
1.850547,2.850274
1.745690,-0.729708
1.850547,2.850274
1.850547,2.850274
1.849702,2.849621
1.850547,2.850274
1.850547,2.850274
1.850547,2.850274
1.850547,2.850274
1.850547,2.850274
1.850547,2.850274
1.850547,2.850274
1.850547,2.850274
1.850547,2.850274
1.850547,2.850274
1.850541,2.850274
1.850547,2.850274
1.850547,2.850274
1.850547,2.850274
1.850547,2.850274
1.850547,2.850274
1.850547,2.850274
1.850547,2.850274
1.850547,2.850274
1.850547,2.850274
1.850547,2.850274
1.850547,2.850274
1.850138,2.850120
1.850547,2.850274
1.850547,2.850274
1.850547,2.850274
1.850547,2.850274
1.850547,2.850274
1.850547,2.850274
1.850547,2.850274
1.850547,2.850274
1.850547,2.850274
1.850545,2.850274
1.850547,2.850274
1.850547,2.850274
1.850547,2.850274
1.837440,2.696242
1.850547,2.850274
1.850547,2.850274
1.850547,2.850274
1.850547,2.850274
1.850547,2.850274
1.850547,2.850274
1.850547,2.850274
1.850547,2.850274
1.850547,2.850274
1.850547,2.850274
1.850547,2.850274
1.850547,2.850274
1.850547,2.850274
1.850547,2.850274
1.850547,2.850274
1.850547,2.850274
1.850547,2.850274
1.850547,2.850274
1.850547,2.850274
1.850547,2.850274
1.850547,2.850274
1.850547,2.850274
1.850547,2.850274
1.850547,2.850274
1.850547,2.850274
1.745689,-0.729706
1.902976,0.822349
1.850547,2.850274
1.850547,2.850274
1.850547,2.850274
1.850547,2.850274
1.850547,2.850274
1.850547,2.850274
1.850547,2.850274
1.850547,2.850274
1.850547,2.850274
1.850547,2.850274
1.850547,2.850274
1.850547,2.850274
1.850544,2.850274
1.850547,2.850274
1.850522,2.850273
1.850547,2.850274
1.850547,2.850274
1.850547,2.850274
1.745690,-0.729708
1.850547,2.850274
1.850547,2.850274
1.850547,2.850274
1.850547,2.850274
1.850547,2.850274
1.850547,2.850274
1.850547,2.850274
1.850547,2.850274
1.850547,2.850274
1.850547,2.850274
1.850547,2.850274
1.850547,2.850274
1.850547,2.850274
1.850547,2.850274
1.850547,2.850274
1.850547,2.850274
1.850541,2.850274
1.744870,-0.722262
1.850547,2.850274
1.850547,2.850274
1.640832,2.573241
1.850547,2.850274
1.850545,2.850274
1.850547,2.850274
1.850547,2.850274
1.850547,2.850274
1.850547,2.850274
1.850547,2.850274
1.850547,2.850274
1.850547,2.850274
1.850547,2.850274
1.876762,2.251638
1.850544,2.850274
1.850547,2.850274
1.850547,2.850274
1.850547,2.850274
1.850545,2.850274
1.850547,2.850274
1.850547,2.850274
1.850547,2.850274
1.850547,2.850274
1.850547,2.850274
1.850545,2.850274
1.850547,2.850274
1.850547,2.850274
1.850547,2.850274
1.850547,2.850274
1.850547,2.850274
1.850138,2.850120
1.850547,2.850274
1.850547,2.850274
1.850547,2.850274
1.850547,2.850274
1.850547,2.850274
1.850547,2.850274
1.850547,2.850274
1.857101,2.811085
1.850547,2.850274
1.847270,2.840482
1.850547,2.850274
1.850547,2.850274
1.850547,2.850274
1.850547,2.850274
1.850547,2.850274
1.850547,2.850274
1.850547,2.850274
1.850547,2.850274
1.850547,2.850274
1.850547,2.850274
1.850547,2.850274
1.850547,2.850274
1.850547,2.850274
1.850547,2.850274
1.902976,0.822349
1.850547,2.850274
1.850547,2.850274
1.850547,2.850274
1.850547,2.850274
1.850547,2.850274
1.850765,2.850231
1.850547,2.850274
1.850547,2.850274
1.850547,2.850274
1.850547,2.850274
1.850547,2.850274
1.850547,2.850274
1.850547,2.850274
1.850547,2.850274
1.850547,2.850274
1.850547,2.850274
1.850547,2.850274
1.850547,2.850274
1.850547,2.850274
1.850541,2.850274
