1.850211,2.850171
1.864478,2.674912
1.838644,2.722880
1.863805,2.691263
1.860038,2.768314
1.850322,2.850227
1.835379,2.645150
1.850282,2.850209
1.850274,2.850205
1.654624,2.637199
1.865090,2.659396
1.850208,2.850168
1.844141,2.812994
1.649673,2.649586
1.859743,2.773301
1.848069,2.844672
1.837100,2.688300
1.852472,2.846888
1.855803,2.825045
1.867170,2.602044
1.843313,2.802788
1.848020,2.844448
1.850284,2.850211
1.850284,2.850211
1.863813,2.691071
0.186080,0.921196
1.650846,2.650263
1.858716,2.789469
1.838676,2.723546
1.838676,2.723546
1.850282,2.850209
1.839085,2.732017
1.849388,2.849047
1.658892,2.594590
1.863816,2.690995
1.866730,2.614781
1.843313,2.802788
1.848020,2.844448
1.657401,2.612800
1.850233,2.850183
1.650810,2.650275
1.842728,2.794853
1.850207,2.850168
1.663953,2.506624
1.849195,2.848605
1.840454,2.758309
1.848021,2.844452
1.862752,2.715257
1.863802,2.691327
1.850208,2.850168
1.842730,2.794875
1.848007,2.844384
1.837583,2.699542
1.868944,2.547603
1.865270,2.654736
1.850208,2.850168
1.861129,2.748537
1.847554,2.842104
1.836759,2.680135
1.666707,2.442364
1.843313,2.802787
1.850282,2.850209
1.850729,2.850244
1.653600,2.643038
1.850147,2.850127
1.838813,2.726415
1.864235,2.680914
1.650843,2.650264
1.854007,2.839334
1.837175,2.690052
1.850208,2.850168
1.858716,2.789467
1.845669,2.828611
1.706028,0.678827
1.843654,2.807136
1.640567,2.569048
1.850207,2.850168
1.850208,2.850168
1.863815,2.691026
1.844865,2.820907
1.843313,2.802788
1.850208,2.850168
1.850220,2.850176
1.745347,-0.726735
1.902636,0.842594
1.848022,2.844453
1.863801,2.691346
1.861129,2.748537
1.850284,2.850211
1.650810,2.650275
1.864399,2.676883
1.657016,2.616931
1.863802,2.691327
1.864478,2.674912
1.844864,2.820906
1.850208,2.850168
1.654690,2.636763
1.650846,2.650263
1.850208,2.850168
1.850207,2.850168
1.844864,2.820906
1.850279,2.850208
1.838739,2.724879
1.850144,2.850125
1.850208,2.850168
1.858716,2.789469
1.860562,2.759070
1.860053,2.768054
1.850220,2.850176
1.866387,2.624478
1.649721,2.649657
1.850208,2.850168
1.850205,2.850167
1.848007,2.844384
1.850208,2.850168
1.863804,2.691265
1.849388,2.849047
1.650846,2.650263
1.838645,2.722882
1.850208,2.850168
1.660179,2.576017
1.844695,2.819139
1.850207,2.850168
1.850080,2.850074
1.850208,2.850168
1.850208,2.850168
1.850208,2.850168
1.850207,2.850168
1.863792,2.691571
1.880277,2.091920
1.863839,2.690440
1.866766,2.613749
1.863801,2.691346
1.850208,2.850168
1.850205,2.850167
1.660677,2.568130
1.650846,2.650263
1.843313,2.802788
1.650323,2.650238
1.850728,2.850244
1.850208,2.850168
1.863791,2.691590
1.848124,2.844917
1.843296,2.802567
1.902636,0.842606
1.850205,2.850167
1.640564,2.569005
1.650797,2.650280
1.849388,2.849047
1.850207,2.850168
1.863801,2.691346
1.850282,2.850209
1.850208,2.850168
1.850208,2.850168
1.650876,2.650251
1.660169,2.576167
1.850297,2.850217
1.648070,2.645042
1.850206,2.850167
1.860563,2.759059
1.850280,2.850209
1.860045,2.768190
1.842728,2.794853
1.650799,2.650279
1.850208,2.850168
1.863815,2.691023
1.850207,2.850168
1.850284,2.850210
1.838575,2.721419
1.865295,2.654065
1.850208,2.850168
1.850207,2.850168
1.843654,2.807133
1.849388,2.849047
1.850207,2.850168
1.848568,2.846696
1.656874,2.618393
1.850732,2.850243
1.843313,2.802788
1.650810,2.650275
1.847455,2.841553
1.861129,2.748537
1.850205,2.850167
1.839365,2.737654
1.850208,2.850168
1.850281,2.850209
1.650835,2.650267
1.849387,2.849043
1.844864,2.820906
1.844864,2.820906
1.850207,2.850168
1.848022,2.844455
1.850208,2.850168
1.850208,2.850168
1.844864,2.820903
1.838575,2.721419
1.850284,2.850211
1.863802,2.691324
1.658892,2.594590
1.863836,2.690508
1.654723,2.636538
1.861129,2.748539
1.864429,2.676144
1.865295,2.654065
1.850300,2.850218
1.867692,2.586566
1.848022,2.844453
1.863801,2.691346
1.848160,2.845073
1.011209,1.348762
1.654690,2.636762
1.650846,2.650263
1.655148,2.633550
1.650875,2.650251
1.850345,2.850236
1.649913,2.649907
1.850208,2.850168
1.839365,2.737650
1.650799,2.650279
1.656331,2.623678
1.837781,2.704033
1.843591,2.806350
1.863801,2.691346
1.866983,2.607507
1.850208,2.850168
1.858716,2.789469
1.650846,2.650263
1.849388,2.849047
1.863893,2.689169
1.856761,2.815031
1.843654,2.807136
1.838678,2.723586
1.850226,2.850179
1.658873,2.594836
1.834914,2.632669
1.876422,2.266253
1.838575,2.721415
1.863839,2.690435
1.837176,2.690090
1.850695,2.850254
1.660167,2.576204
1.866731,2.614747
1.657403,2.612781
1.837101,2.688307
1.657490,2.611813
1.850282,2.850209
1.850208,2.850168
1.850207,2.850168
1.863802,2.691324
1.850208,2.850169
1.856800,2.814589
1.838652,2.723036
1.650809,2.650276
1.850209,2.850169
1.866719,2.615101
1.850300,2.850218
1.869628,2.525290
1.624631,2.135408
1.850208,2.850168
1.842696,2.794397
1.850223,2.850178
1.838636,2.722706
1.850320,2.850226
1.648889,2.647885
1.866399,2.624136
1.860562,2.759070
1.842733,2.794920
1.876419,2.266360
1.850208,2.850169
1.648966,2.648096
1.009161,1.286436
1.866735,2.614632
1.850284,2.850211
1.850208,2.850168
1.861138,2.748363
1.850274,2.850206
1.850208,2.850168
1.850205,2.850167
1.650816,2.650273
1.844858,2.820841
1.850208,2.850168
1.841092,2.769458
1.848069,2.844672
1.850208,2.850168
1.850208,2.850168
1.850205,2.850167
1.843414,2.804100
1.850207,2.850168
1.850282,2.850209
1.850223,2.850178
1.843654,2.807137
1.650847,2.650263
1.843313,2.802788
1.850208,2.850168
1.850223,2.850178
1.660563,2.569970
1.654635,2.637126
1.850207,2.850168
1.850206,2.850167
1.843315,2.802811
