1.850730,2.850243
1.850345,2.850236
1.847407,2.841279
1.850284,2.850211
1.850668,2.850260
1.850220,2.850176
1.850288,2.850212
1.850728,2.850244
1.850729,2.850244
1.850728,2.850244
1.903087,0.815696
1.850293,2.850215
1.850728,2.850244
1.850318,2.850226
1.850728,2.850244
1.850312,2.850223
1.850695,2.850254
1.837620,2.700388
1.850695,2.850254
1.876511,2.262418
1.850728,2.850244
1.850709,2.850250
1.850320,2.850226
1.850755,2.850235
1.850297,2.850217
1.850695,2.850254
1.850695,2.850254
1.850322,2.850227
1.850285,2.850211
1.850713,2.850249
1.850728,2.850244
1.850728,2.850244
1.850695,2.850254
1.850728,2.850244
1.850729,2.850244
1.752313,-0.747688
1.850280,2.850208
1.850730,2.850243
1.850285,2.850211
1.850659,2.850262
1.850400,2.850254
1.857283,2.808877
1.850322,2.850227
1.850297,2.850217
1.850617,2.850269
1.850728,2.850244
1.850668,2.850260
1.850695,2.850254
1.850320,2.850227
1.876909,2.245238
1.850700,2.850252
1.850285,2.850211
1.850464,2.850267
1.850617,2.850269
1.850735,2.850242
1.850293,2.850214
1.850695,2.850254
1.850695,2.850254
1.850633,2.850267
1.850284,2.850211
1.850728,2.850244
1.850279,2.850208
1.850617,2.850269
1.850732,2.850243
1.850659,2.850262
1.850284,2.850211
1.850695,2.850254
1.850320,2.850226
1.850732,2.850243
1.849081,2.848311
1.850718,2.850247
1.850284,2.850211
1.850322,2.850227
1.850720,2.850247
1.850695,2.850254
1.011484,1.357065
1.850274,2.850206
1.850695,2.850254
1.850729,2.850244
1.850728,2.850244
0.172988,0.870196
1.850285,2.850211
1.850715,2.850248
1.850625,2.850268
1.850615,2.850270
1.850285,2.850211
1.850333,2.850232
1.850670,2.850260
0.173007,0.870250
1.850687,2.850256
1.850695,2.850254
1.850300,2.850218
1.850684,2.850257
1.850695,2.850254
1.850695,2.850254
1.850668,2.850260
1.850730,2.850243
1.850320,2.850226
1.850729,2.850244
1.850223,2.850178
1.850617,2.850269
1.850345,2.850236
1.850345,2.850236
1.850320,2.850226
1.850696,2.850254
1.850684,2.850257
1.850617,2.850269
1.850729,2.850244
1.850625,2.850268
1.850345,2.850236
1.850297,2.850217
1.850720,2.850247
1.850632,2.850267
1.850669,2.850260
1.850208,2.850168
1.850730,2.850243
1.850280,2.850209
1.850709,2.850250
1.850728,2.850244
1.850684,2.850257
1.850387,2.850250
1.850208,2.850168
1.850684,2.850257
1.850695,2.850254
1.850729,2.850244
1.849462,2.849199
1.850632,2.850267
1.850281,2.850209
1.850280,2.850209
1.850695,2.850254
1.850728,2.850244
1.850730,2.850243
1.850691,2.850255
1.850729,2.850244
1.850289,2.850213
1.850297,2.850216
1.850659,2.850262
1.850297,2.850217
1.850659,2.850262
1.850728,2.850244
1.850345,2.850236
1.850728,2.850244
1.850285,2.850211
1.850349,2.850238
1.850296,2.850216
1.850695,2.850254
1.850728,2.850244
1.850617,2.850269
1.850728,2.850244
1.850732,2.850243
1.850320,2.850227
1.850288,2.850212
1.850695,2.850254
1.850285,2.850211
1.850285,2.850211
1.850684,2.850257
1.876550,2.260760
1.850345,2.850236
1.850728,2.850244
1.903065,0.817055
1.850719,2.850247
1.850728,2.850244
1.850695,2.850254
1.850284,2.850211
1.850293,2.850215
1.850735,2.850242
1.850695,2.850254
1.850284,2.850211
1.850626,2.850268
1.850761,2.850232
1.850464,2.850267
1.850656,2.850263
1.849839,2.849816
1.850464,2.850267
1.850300,2.850218
1.850345,2.850236
1.850728,2.850244
1.850728,2.850244
1.850684,2.850257
1.850720,2.850247
1.850691,2.850255
1.850336,2.850233
1.850208,2.850168
1.850694,2.850254
1.850345,2.850236
0.172579,0.869048
1.850617,2.850269
1.850301,2.850218
1.850659,2.850262
1.850729,2.850244
1.850728,2.850244
1.850728,2.850244
1.850464,2.850267
1.850296,2.850216
1.850345,2.850236
1.850296,2.850216
1.850309,2.850222
1.850730,2.850243
1.850659,2.850262
1.849081,2.848311
1.850695,2.850254
1.850695,2.850254
1.850695,2.850254
1.850322,2.850227
1.850284,2.850211
1.850322,2.850227
1.850728,2.850244
1.850274,2.850206
1.850345,2.850236
1.850300,2.850218
1.850300,2.850218
1.850280,2.850209
1.850301,2.850218
1.641000,2.575837
1.850668,2.850261
1.850337,2.850233
1.850709,2.850250
1.850280,2.850209
1.850728,2.850244
1.850684,2.850257
1.850217,2.850174
1.850687,2.850256
1.850728,2.850244
1.850617,2.850269
1.850322,2.850227
1.745837,-0.730927
1.850300,2.850218
1.850727,2.850244
1.850617,2.850269
1.837215,2.691005
1.850322,2.850227
1.850284,2.850210
1.903046,0.818176
1.850274,2.850206
1.850301,2.850218
1.850284,2.850210
1.011433,1.355530
1.850323,2.850228
1.850729,2.850244
1.850633,2.850267
1.850322,2.850227
0.172578,0.869045
1.850285,2.850211
1.850617,2.850269
1.850317,2.850225
1.850493,2.850271
1.850387,2.850250
1.640528,2.568421
1.850695,2.850254
1.850284,2.850211
1.850695,2.850254
1.850617,2.850269
1.850402,2.850254
1.850220,2.850176
1.850728,2.850244
1.850284,2.850211
1.850226,2.850179
1.850319,2.850226
1.850318,2.850225
1.850698,2.850253
1.850626,2.850268
1.850720,2.850247
1.850345,2.850236
1.850728,2.850244
1.850617,2.850269
1.850320,2.850226
1.850322,2.850227
1.850709,2.850250
1.850284,2.850211
1.850617,2.850269
1.850279,2.850208
1.850322,2.850227
1.850284,2.850211
1.850727,2.850244
1.850281,2.850209
1.850322,2.850227
1.850336,2.850233
1.850729,2.850244
1.850297,2.850217
1.850284,2.850211
1.850695,2.850254
1.850719,2.850247
1.850691,2.850255
1.850695,2.850254
1.850284,2.850211
1.745463,-0.727759
1.850336,2.850233
1.850345,2.850236
1.850320,2.850227
1.850695,2.850254
1.850678,2.850258
1.850746,2.850238
1.850297,2.850217
1.850728,2.850244
1.876957,2.243172
1.850617,2.850269
1.850284,2.850211
1.850282,2.850209
1.850695,2.850254
1.850728,2.850244
