1.850505,2.850272
1.850504,2.850272
1.850496,2.850271
1.850505,2.850272
1.850496,2.850271
1.850506,2.850272
1.850508,2.850272
1.850084,2.850077
1.850506,2.850272
1.850506,2.850272
1.850506,2.850272
1.850506,2.850272
1.850493,2.850271
1.850496,2.850271
1.850506,2.850272
1.850496,2.850271
1.850496,2.850271
1.850595,2.850272
1.850505,2.850272
1.850495,2.850271
1.850506,2.850272
1.850505,2.850272
1.850505,2.850272
1.902931,0.825020
1.850496,2.850271
1.850500,2.850272
1.850506,2.850272
1.850700,2.850252
1.850506,2.850272
1.850505,2.850272
1.850496,2.850271
1.850598,2.850271
1.850505,2.850272
1.850505,2.850272
1.850496,2.850271
1.850496,2.850271
1.850494,2.850271
1.850496,2.850271
1.850506,2.850272
1.850496,2.850271
1.850496,2.850271
1.850479,2.850269
1.850493,2.850271
1.850496,2.850271
1.850506,2.850272
1.850598,2.850271
1.850505,2.850272
1.837397,2.695259
1.850496,2.850271
1.850505,2.850272
1.850505,2.850272
1.850506,2.850272
1.850506,2.850272
1.850496,2.850271
1.850506,2.850272
1.850504,2.850272
1.837399,2.695286
1.850595,2.850272
1.850506,2.850272
1.850496,2.850271
1.850505,2.850272
1.850506,2.850272
1.850495,2.850271
1.850507,2.850272
1.850505,2.850272
1.850505,2.850272
1.850496,2.850271
1.850506,2.850272
1.850494,2.850271
1.850501,2.850272
1.850505,2.850272
1.850496,2.850271
1.850505,2.850272
1.850598,2.850271
1.850598,2.850271
1.850496,2.850271
1.850083,2.850077
1.850507,2.850272
1.850507,2.850272
1.850503,2.850272
1.850504,2.850272
1.850496,2.850271
1.850494,2.850271
1.850496,2.850271
1.850492,2.850271
1.850505,2.850272
1.850501,2.850272
1.850505,2.850272
1.850502,2.850272
1.850598,2.850271
1.850500,2.850272
1.850506,2.850272
1.850501,2.850272
1.850506,2.850272
1.850496,2.850271
1.850496,2.850271
1.850505,2.850272
1.850505,2.850272
1.850493,2.850271
1.850504,2.850272
1.850494,2.850271
1.850505,2.850272
1.011644,1.361865
1.850595,2.850272
1.850494,2.850271
1.850496,2.850271
1.850495,2.850271
1.850504,2.850272
1.850493,2.850271
1.850506,2.850272
1.850505,2.850272
1.850494,2.850271
1.850505,2.850272
1.850496,2.850271
1.850496,2.850271
1.850506,2.850272
1.850495,2.850271
1.850598,2.850271
1.850504,2.850272
1.850506,2.850272
1.011619,1.361129
1.903138,0.812674
1.850494,2.850271
1.850505,2.850272
1.850506,2.850272
1.850506,2.850272
1.850496,2.850271
1.850505,2.850272
1.850505,2.850272
1.850493,2.850271
1.850494,2.850271
1.850470,2.850268
1.850506,2.850272
1.850803,2.850214
1.850455,2.850266
1.850496,2.850271
1.850495,2.850271
1.850504,2.850272
1.850505,2.850272
1.850504,2.850272
1.850496,2.850271
1.850505,2.850272
1.849687,2.849598
1.850506,2.850272
1.850494,2.850271
1.850506,2.850272
1.850454,2.850266
1.857060,2.811574
1.742372,-0.692578
1.850496,2.850271
1.850493,2.850271
1.850504,2.850272
1.850496,2.850271
1.850504,2.850272
1.850506,2.850272
1.850506,2.850272
1.850506,2.850272
1.850506,2.850272
1.850505,2.850272
1.850505,2.850272
1.850595,2.850272
1.850503,2.850272
1.850493,2.850271
1.850506,2.850272
1.850506,2.850272
1.850500,2.850272
1.850506,2.850272
1.850505,2.850272
1.850505,2.850272
1.745638,-0.729273
1.850506,2.850272
1.850505,2.850272
1.850496,2.850271
1.850496,2.850271
1.850496,2.850271
1.850506,2.850272
1.850496,2.850271
1.902923,0.825502
1.850505,2.850272
1.850494,2.850271
1.850496,2.850271
1.850504,2.850272
1.848868,2.847698
1.850494,2.850271
1.850508,2.850272
1.850504,2.850272
1.850506,2.850272
1.847229,2.840236
1.850505,2.850272
1.850496,2.850271
1.850506,2.850272
1.850506,2.850272
1.850494,2.850271
1.850496,2.850271
1.850506,2.850272
1.850504,2.850272
1.850598,2.850271
1.850494,2.850271
1.850506,2.850272
1.850496,2.850271
1.850496,2.850271
1.850506,2.850272
1.850507,2.850272
1.850506,2.850272
1.850096,2.850088
1.850608,2.850270
1.850505,2.850272
1.850504,2.850272
1.850595,2.850272
1.850494,2.850271
1.850494,2.850271
1.850503,2.850272
1.850506,2.850272
1.850505,2.850272
1.850505,2.850272
1.850506,2.850272
1.850505,2.850272
1.850500,2.850272
1.850595,2.850272
1.850503,2.850272
1.850505,2.850272
1.850496,2.850271
1.850505,2.850272
1.850496,2.850271
1.902933,0.824882
1.850505,2.850272
1.850496,2.850271
1.850496,2.850271
1.850496,2.850271
1.849062,2.848259
1.850504,2.850272
1.850496,2.850271
1.850506,2.850272
1.850505,2.850272
1.850506,2.850272
1.850506,2.850272
1.850496,2.850271
1.850504,2.850272
1.850506,2.850272
1.850496,2.850271
1.850493,2.850271
1.850504,2.850272
1.850496,2.850271
1.850493,2.850271
1.850496,2.850271
1.850444,2.850264
1.850505,2.850272
1.847216,2.840153
1.850504,2.850272
1.850496,2.850271
1.850506,2.850272
1.850496,2.850271
1.850506,2.850272
1.850506,2.850272
1.850493,2.850271
1.850506,2.850272
1.850495,2.850271
1.850494,2.850271
1.850505,2.850272
1.850506,2.850272
1.850494,2.850271
1.850496,2.850271
1.850494,2.850271
1.850500,2.850272
1.850598,2.850271
1.850505,2.850272
1.850506,2.850272
1.850505,2.850272
1.850506,2.850272
1.850506,2.850272
1.850506,2.850272
1.850503,2.850272
1.850505,2.850272
1.850504,2.850272
1.850505,2.850272
1.011635,1.361592
1.850508,2.850272
1.850503,2.850272
1.850496,2.850271
1.850496,2.850271
1.850496,2.850271
1.850506,2.850272
1.850498,2.850272
1.850509,2.850272
1.850506,2.850272
1.850496,2.850271
1.850506,2.850272
1.850506,2.850272
1.850500,2.850272
1.850505,2.850272
1.850503,2.850272
1.850505,2.850272
1.850506,2.850272
1.850481,2.850270
1.849676,2.849581
1.850597,2.850272
1.850506,2.850272
1.850547,2.850274
1.850505,2.850272
1.850506,2.850272
